Sample	PE(16:0/16:0)	PG(16:0/16:0)	1-Methyl-4-imidazoleacetic acid	1-Methyladenosine	1-Methylhistamine	1-Methylnicotinamide	LysoPC(16:0/0:0)	Imidazolepropionic acid	2'-Deoxycytidine	2'-Deoxyuridine	2,3-Bisphosphoglyceric acid	2,6-Diaminopimelic acid	2-Amino-2-(hydroxymethyl)-1,3-propanediol	2-Arachidonoylglycerol	2-Hydroxy-4-methylvaleric acid	2-Hydroxybutyric acid	2-Hydroxyglutaric acid	2-Hydroxyisobutyric acid	2-Hydroxyvaleric acid	2-Methylthiazolidine-4-carboxylic acid	Alpha-Ketoglutaric acid	2-Oxoisovaleric acid	Phenethylamine	20alpha-Hydroxyprogesterone	3',5'-ADP	3'-CMP	3-Amino-2-piperidone	3-Hydroxybutyric acid	3-Hydroxykynurenine	Indoxyl sulfate	3-Methylxanthine	3-Phenylpropionic acid	3-Phosphoglyceric acid	4-Acetamidobutanoic acid	4-Guanidinobutanoic acid	4-Methylpyrazole	4-Oxopyrrolidine-2-carboxylic acid	5'-Deoxy-5'-methylthioadenosine	5-Aminolevulinic acid	5-Hydroxylysine	5-Oxoproline	5alpha-Cholestan-3-one	5alpha-Pregnan-3alpha-ol-20-one	5alpha-Pregnane-3,20-dione	Lipoic acid	6-Aminohexanoic acid	6-Phosphogluconic acid	7,8-Dihydrobiopterin	7-Dehydrocholesterol	8-Hydroxy-2'-deoxyguanosine	Abietic acid	Decanoylcarnitine	Lauroylcarnitine	Dodecenoylcarnitine	Tridecenoylcarnitine	Myristoylcarnitine	Tetradecenoylcarnitine	Tetradecadienoylcarnitine	Tetradecatrienoylcarnitine	Pentadecanoylcarnitine	Palmitoleylcarnitine	Hexadecadienoylcarnitine	Heptadecanoylcarnitine	Heptadecenoylcarnitine	Stearoylcarnitine	Oleoylcarnitine	Linoleylcarnitine	Arachidoylcarnitine	Eicosenoylcarnitine	Behenoylcarnitine	Tricosanoylcarnitine	Acetoacetamide	Acetohydroxamic acid	Acetyl-CoA	Acetylcholine	Adenine	Adenosine	Adenylosuccinic acid	Asymmetric dimethylarginine	ADP	ADP-ribose	Docosahexaenoylethanolamide	Alanine	Alliin	Aminoacetone	AMP	Anserine	Anthranilic acid	Arachidic acid	Arachidonic acid	Arginine	Arginylglutamic acid	Argininosuccinic acid	Ascorbic acid	Asparagine	Aspartic acid	Aspartame	Astaxanthin	ATP	Benzoic acid	Betaine	Betaine aldehyde	Butyrylcarnitine	Cyclic AMP	Campesterol	N6-Carboxymethyllysine	Carnitine	Carnosine	2',3'-Cyclic CMP	CDP	Cytidine diphosphate choline	Chenodeoxycholic acid	Cholesterol	Cholesterol sulfate	Cholic acid	Choline	cis-11,14-Eicosadienoic acid	cis-11-Eicosenoic acid	cis-4,7,10,13,16,19-Docosahexaenoic acid	cis-5,8,11,14,17-Eicosapentaenoic acid	cis-8,11,14-Eicosatrienoic acid	cis-Aconitic acid	Citric acid	Citrulline	CMP	CMP-N-acetylneuraminic acid	Coenzyme A	Coenzyme Q10	Creatine	Creatinine	CTP	Cyclohexylamine	Cysteine	Cystathionine	Cysteine glutathione disulfide	Cysteinesulfinic acid	Cystine	Cytidine	Cytosine	Decanoic acid	Decarboxylated S-Adenosylmethionine	Deoxycholic acid	Deoxycorticosterone	Desmosterol	Diethanolamine	Dihydroxyacetone phosphate	Dimethylaminoethanol	Diosgenin	L-DOPA	Ergothioneine	Ethanolamine	Phosphoethanolamine	Tetradecatrienoic acid	Eicosatrienoic acid	Docosatetraenoic acid	Docosapentaenoic acid	FAD	Flavanone	Fructose 1,6-bisphosphate	Fructose 6-phosphate	Fumaric acid	Gamma-Aminobutyric acid	GDP	Glabridin	Glutamine	Glutamic acid	Glutamylglutamic acid	Glucaric acid	Gluconic acid	Gluconolactone	Glucosamine	Glucose 1-phosphate	Glucose 6-phosphate	Glucosylceramide(d18:1/24:1)	Glutathione	Oxidized glutathione	Glycylaspartic acid	Glycylglycine	Glycine	Glyceric acid	Glycerol	Glycerol 3-phosphate	Glycerophosphocholine	Glycocholic acid	Glyoxylic acid	GMP	GTP	Guanidinosuccinic acid	Guanidinoacetic acid	Guanine	Guanosine	Heptanoic acid	Hexanoic acid	Hippuric acid	Histidine	Histidylglutamic acid	Histamine	Homocarnosine	Homocitrulline	Homoserine	Homoserine lactone	4-Hydroxyproline	Hyodeoxycholic acid	Hypotaurine	Hypoxanthine	Isoleucine	Isoleucylprolylproline	Imidazolelactic acid	IMP	Indole-3-carboxaldehyde	Indole-3-propionic acid	Inosine	Isethionic acid	Isobutylamine	Isocitric acid	Isoglutamic acid	Isopropanolamine	Isovalerylcarnitine	Itaconic acid	Kynurenine	Lactic acid	Lauric acid	Leucine	Linoleic acid	Alpha-Linolenic acid	Linoleoylethanolamide	LysoPG(16:0/0:0)	LysoPG(18:1/0:0)	Lysine	Malic acid	Malonylcarnitine	Mannosamine	Methionine	Methionine sulfoxide	Methylguanidine	Morpholine	Mucic acid	myo-Inositol 2-phosphate	Myristic acid	Myristoleic acid	Dimethylglycine	N-(1-Deoxy-1-fructosyl)valine	N-Acetylaspartic acid	N-Acetylcysteine	N-Acetylglucosamine 1-phosphate	N-Acetylglucosamine 6-phosphate	N-Acetylglucosylamine	N-Acetylglycine	N-Acetyllysine	N-Acetylmethionine	N-Acetylneuraminic acid	N-Acetylornithine	N-Formylglycine	N-Glycolylneuraminic acid	N-Methylproline	N1-Acetylspermidine	N1-Methyl-4-pyridone-5-carboxamide	N5-Ethylglutamine	N6,N6,N6-Trimethyllysine	N6-Acetyllysine	N6-Methyllysine	N8-Acetylspermidine	NAD	NADP	Nervonic acid	Nicotinamide	Nicotinamide riboside	Nicotinamide mononucleotide	N-Formylkynurenine	N-omega-Methylarginine	Acetylcarnitine	o-Hydroxybenzoic acid	O-Phosphoserine	Octanoic acid	Octanoylcarnitine	Oleic acid	Oleoylethanolamide	Ophthalmic acid	Ornithine	Orotidine	Palmitic acid	Palmitoleic acid	Palmitoylcarnitine	Palmitoylethanolamide	Pantothenic acid	Nonanoic acid	Pentadecanoic acid	Prostacyclin	Phenylalanine	Creatine phosphate	Phosphoenolpyruvic acid	Phosphocholine	Phytosphingosine	Pipecolic acid	Piperidine	Pro	Progesterone	Propionylcarnitine	Prostaglandin B2	Prostaglandin D2	Phosphoribosyl pyrophosphate	Putrescine	Pyridoxal	Pyridoxamine 5'-phosphate	Pyruvic acid	Quinic acid	Retinol	Riboflavin	Ribose 5-phosphate	Ribulose 1,5-bisphosphate	Ribulose 5-phosphate	Ricinoleic acid	S-Adenosylhomocysteine	S-Adenosylmethionine	S-Lactoylglutathione	S-Methylglutathione	S-Methylmethionine	Sarcosine	Symmetric dimethylarginine	Sedoheptulose 7-phosphate	Serine	Serylglutamic acid	Serotonin	Beta-Sitosterol	Spermidine	Spermine	Sphinganine	SM(d18:1/16:0)	SM(d18:1/18:0)	Sphingosine	Sphingosine(d20:1)	Stachydrine	Stearic acid	Stearoylethanolamide	Stigmasterol	Succinic acid	Taurine	Taurochenodeoxycholic acid	Taurocholic acid	Taurodeoxycholic acid	Tauroursodeoxycholic acid	Terephthalic acid	Testosterone	Thiamine	Thiamine diphosphate	Thiamine phosphate	Thiaproline	Threonine	Threonylaspartic acid	threo-beta-Methylaspartic acid	Threonic acid	Thymidine	trans-Cinnamic acid	trans-Glutaconic acid	Triethanolamine	Trigonelline	Trilaurin	Trimethylamine	Trimethylamine N-oxide	Tryptophan	Tyrosine	Tyrosylarginine	Tyrosylglutamic acid	Tyramine	UDP	UDP-glucuronic acid	UMP	Uracil	Urea	Uric acid	Uridine	Urocanic acid	Ursodeoxycholic acid	UTP	Valine	Xanthine	Alanylalanine	alpha-Tocopherol	alpha-Tocopherol acetate	Beta-Alanine	Beta-Alanyllysine	17beta-Estradiol	gamma-Butyrobetaine	gamma-Glutamylalanine	gamma-Glutamylarginine	gamma-Glutamylasparagine	gamma-Glutamylaspartic acid	gamma-Glutamylcitrulline	gamma-Glutamylcysteine	gamma-Glutamylglutamine	gamma-Glutamylglutamic acid	gamma-Glutamylglycine	gamma-Glutamylhistidine	gamma-Glutamyllysine	gamma-Glutamylmethionine	gamma-Glutamylornithine	gamma-Glutamylphenylalanine	gamma-Glutamylserine	gamma-Glutamyltaurine	gamma-Glutamylthreonine	gamma-Glutamyltyrosine	gamma-Glutamylvaline	gamma-Tocopherol
1-Control7D-1			0.000142984	8.64e-05	0.000264022	0.000230086			6.82e-05	0.000127825	0.014455387	4.76e-05		0.01274112	8.13e-05	0.000323797	0.000904265	0.000165885	0.000289334	0.000213797	0.000390665		0.00012545			0.000115734	6.52e-05	0.000902979		0.000170257		0.000161513	0.000276218				0.001895889	5.66e-05		7.43e-05	0.000376777			0.000179666		0.000646254	0.000168714		0.001692678	0.00013778	0.000153733	0.001282971	0.003368234	0.000173462	0.000315283	0.014474992	0.001685296	0.000495818		0.000458842	0.007701922	0.000896219	0.000529753	0.000260068	0.005536691	0.005888515	0.008643057	0.000589621	0.001653718	0.000267141			0.000574649	8.38e-05	0.000196715	0.000388906	0.004565292	0.000182345	0.000145811	0.007420326	0.008270582	0.000212298	0.073422259	0.00013088		0.057499037	0.000617069			0.002990551	0.011278503		8.14e-05	0.015948865	0.006023746	0.15192213	1.83e-05		0.001709514	0.002387713	0.048640977	8.04e-05	0.002089663		0.006395004	0.000619671	0.128120692	0.000183594	0.000179773	0.000443388	9.31e-05		0.216426202	0.009553992		0.028600775	3.69e-05	8.3e-05	0.001660081	0.00020515	0.000162826	0.002477471	0.042104407	0.007462744	0.001410664	0.000409697	0.00052363	0.000518896	0.091478566	0.001514109	9.52e-05	0.000145925	0.000122509	0.000142984	0.000252823	0.000192118		0.000390942	3.35e-05				0.000182395	0.00035139	0.001582321	0.001314991	9.72e-05	0.000161426			0.004259981	0.01997048	0.001634504		0.000155518	0.000362572	0.000176172		0.001985475	0.000191089	0.001130589	0.001419089	0.002956866	0.000125567	0.092187035	0.198434191	2.41e-05		0.001036459	0.000632001	0.00187598	0.000174372	0.000824281	0.000153609	0.109604893	0.074180954	0.000113912	9.78e-05	0.005306114		0.216900896	0.001787956	0.119569396			0.005716212	0.000693373	3.11e-05	0.000455534	6.22e-05	0.000444335			0.006369464	0.004669022		0.000182236	5.28e-05		0.000173413		0.006035624		0.01797633	0.000495691	0.010460307		6.04e-05	0.005643172	0.000659105		0.002342712	0.000126278			0.003075729	5.4e-05	0.000194227		0.000113799	0.067400692	0.000491739	0.020030587	0.000651152		0.000328063			0.016018112	0.008832276			0.0039532	0.001227011		0.000230538	0.000445189	0.000194432	0.000118599		0.000765935		0.00040481		9.93e-05				0.000381214		0.000553978		0.000247927	0.000976535		0.000201353	0.000155879	0.000226692	0.000961858		0.000444109	4.39e-05	0.000705461	0.000133737	3.28e-05	0.034424751	0.000157689	8.59e-05	8.56e-05		0.045432445				6.19e-05	0.000958916	0.000817553	0.000259384	0.001785936	0.000225552	0.003618106	0.000146079	0.018521935	0.003223434	0.000457276	0.000191089		0.00017036	0.01058225	0.001805445		0.040140472	0.000395562	0.000725211		0.013948245	0.000272849	0.000886294				0.00077193		4.54e-05	0.00244738		0.000626038		0.000708547		0.000750983	0.000159781	0.000439358	0.001459359	8.57e-05	0.000352029	3.73e-05	0.000728153		0.000338457	0.01775586	0.000277596	0.001106991	0.001108269	0.005958702	0.00103516	0.001933763	0.000144055	8.18e-05	0.015899537		0.002616689	0.005533198	0.003632893	0.000130406	0.002775807	0.140725073					0.000163313		7.27e-05	0.00011239	5.61e-05	0.001584922	0.027592424	0.000414471	0.002552324	0.000797019	0.000187213		0.000355536		0.000627702	0.000655134	0.00086039	0.008383653	0.002635919	0.007081982	4.46e-05		3.4e-05	0.001601496	0.000721663	0.004510011	0.000224882	0.266605653	0.001076066	0.000555305	5.05e-05		0.000353631	0.027065059	0.000451801	0.000142418	0.001387445	0.000141822	0.007090127		0.000393329	0.004257606	0.00012183	8.43e-05	6.13e-05	9.85e-05		0.000235855	0.000943759	0.000341735	0.000705189		0.000168888		7.05e-05		0.000111536		0.000115835	0.000105767	9.29e-05	6.24e-05
11-Control14D-3			0.000140375	7.85e-05	0.000267723	0.000188042		3.19e-05	7.4e-05	0.000105534	0.014878678	8.39e-05		0.011652834		0.000179979	0.000959014		0.000390717	0.000104726	0.000349486		0.000167642			7.24e-05		0.000813286	3.03e-05	0.000238881		0.000132639	0.000348831		6.97e-05		0.002182987	0.000135326		6.7e-05	0.000405116		0.000194737	0.000196355	9.18e-05	0.000746009	0.000109514	4.49e-05	0.001574617	9e-05		0.001674593	0.002863699	0.000212628	0.000672948	0.012805477	0.003131388	0.000529637	9.2e-05	0.00069511	0.012512158	0.001825276	0.000705944	0.000441799	0.007807096	0.010023913	0.012398247	0.000748559	0.002009494	0.000413029	6.52e-05		0.000142193		0.000207634	0.000249343	0.007386465	0.000206594	0.000162694	0.010076191	0.001086853	0.00025839	0.088227871	5.72e-05		0.060021487	0.000500907	2.14e-05	2.95e-05	0.000776536	0.009861817		9.91e-05	0.034860679	0.009426552	0.134326703			0.002648414	0.003378582	0.074587839		0.003149657		0.00435182	0.000625023	0.119789178	0.000163401	0.000123476	0.000438057	0.000172343	3.47e-05	0.179793547	0.005497558	0.002134935	0.033255303	2.29e-05	6.44e-05	0.001107654	0.000116352	6.39e-05	0.001531019	0.022265223	0.009108234	0.001361075	0.00051463	0.000458346	0.000373021	0.086094167	0.001191271	9.53e-05	6.12e-05	7.23e-05	7.37e-05	0.000121187			0.000472832	2.81e-05	0.000307164	1.26e-05	0.000140705	0.000146907	0.000370054	0.000670166	0.000250661	6.13e-05	0.000201974		0.00169945	0.005692974	0.018069864	0.001182925		7.94e-05	0.000216976	0.000183251		0.001671075	0.000367593	0.001570942	0.00187406	0.00274004	9.58e-05	0.122558307	0.230703004	1.87e-05	9.49e-05	0.000928908	0.000587455	0.001181677	0.000222955	0.000880696	9.87e-05	0.078356562	0.114950776	9.69e-05	9.85e-05	0.005040381		0.134404364	0.002131821	0.143690036			0.005705216	0.000714679		0.000808622	4.21e-05	0.000781658		0.000107551	0.003138611	0.006580368		0.000382548	5.19e-05	8.6e-05	0.000171177	6.94e-05	0.004619255		0.031287323	0.000689253	0.010690636		3.29e-05	0.0016137		7.68e-05	0.004360722	0.000151837			0.001957982	6.33e-05	0.000184104		0.000137952	0.081974528	0.000532737	0.01947631	0.000384665	3.21e-05	0.000367447			0.011650945	0.010830356	7.05e-05		0.004407278	0.000764086		0.00010513	0.000696136	0.000148128	6.34e-05		0.000756714	4.35e-05	0.000385264		8.4e-05				0.00041234		0.000566769			0.000750239		0.000193799	0.00013573	0.000208644	0.001043624	9.58e-05	0.000424963	2.61e-05	0.000815904	0.000154673	5.34e-05	0.037114209	0.000130983	0.000101999	8.77e-05		0.044316268			9.38e-05	0.000126338	0.000629834	0.001605365	0.000217228	0.001897591	0.000178233	0.002260755	8.49e-05	0.023628072	0.004870669	0.000298874	0.00048867		0.000324022	0.012315051	0.000256551	0.000211393	0.04267822	0.000374729	0.000629366	1.81e-05	0.016555091	0.000305142	0.001537867			9.97e-05	0.000636132		4.39e-05	0.001867416		0.000367357		7.81e-05		0.000562188	0.000120454	0.000639465	0.001171275	0.000673397	0.000476367	2.62e-05	0.000748432	2.74e-05	0.000389409	0.021705045	0.000260452	0.001509892	0.000556969	0.004899602	0.00086144	0.002639646		5.28e-05	0.020084599	8.89e-05	0.002736813	0.003435737	0.006359336		0.003458209	0.147225371	0.000157906	0.002245395	7.02e-05	5.68e-05	0.000140711		6.85e-05	0.000104497	6.61e-05	0.000442233	0.019723532	0.000183801	0.000489395	0.000999155	0.0001633		0.000357906	8.43e-05	0.000531608	0.000684276		0.007703976	0.003456564	0.009684782	5.22e-05		9.05e-05	0.001617845	0.000788416	0.004613127	0.000247828	0.232772883	0.001476698	0.000780951	0.000120379	3.43e-05	0.000489324	0.026183925	0.00056443	0.00011533		7.08e-05	0.008079758		0.000243556	0.007889898	0.000129569	7.11e-05	0.000109775	0.00010109		0.000148757	0.001126234	0.000321449	0.000736314	2.29e-05	9.02e-05	2.26e-05	8.84e-05	5e-05	0.000102403		5.76e-05	0.000112098	0.000110886	
12-Control14D-4			0.000191455	8.34e-05	0.000236428	0.000327575		3.41e-05	8.28e-05	0.000105768	0.012666325			0.011609521			0.000726638		0.000339578	0.000185718						9.47e-05		0.000660928		0.000119494		0.000138397	0.000284219		6.79e-05		0.001622884	0.00017813		6.24e-05	0.000428467		0.000131063	0.000230005	7.4e-05	0.000448981	0.000110942		0.001322813	9.41e-05		0.000846071	0.001396803	0.000162202	0.000185078	0.015513306	0.001390565	0.000206457		0.000483041	0.011072051	0.000529104	0.000668843	0.000370363	0.006916623	0.009338596	0.00898672	0.00050597	0.001855945	0.000253243			0.000385409		0.000131308	0.000339142	0.006171547	0.000258115	0.000132048	0.007390152	0.000925569	0.000240849	0.065907968	9.59e-05		0.050409211	0.000453145	2.08e-05	3.85e-05	0.006683408	0.01044973		0.000122054	0.027998866	0.004941939	0.129091697			0.001771251	0.003514148	0.040461509		0.001707646		0.006341198	0.000560949	0.119409084	0.000144725	0.000153249	0.000237187	6.12e-05		0.195839812	0.008379104		0.035595079	9.39e-05	0.000197874	0.00355281	0.000431388	0.000459108	0.001264247	0.017530909	0.007221823	0.001571195	0.000464247	0.00035488	0.000416426	0.078170741	0.001022792		0.000142874	9.11e-05	0.000155737	0.000292597			0.000467303	2.45e-05	0.000261491			0.000363133	0.000262332	0.000657926	0.000322475		7.7e-05			0.003990398	0.016826774	0.001278828	0.000161857	0.000314663	0.001077937	0.000144247		0.002238649	0.000174177	0.001199212	0.001209529	0.001853164		0.095936403	0.172593544			0.0009636	0.000553083	0.001532569	0.000231561	0.000799775	0.000167417	0.047367509	0.118162449	0.000108729	0.000100308	0.004540335		0.163726537	0.00141322	0.110988652			0.006434653	0.000432067	2.85e-05	0.00046647	4.61e-05	0.000637105		7.72e-05	0.005312853	0.005177071		0.000371807	6.62e-05	5.27e-05	0.000178593	6.03e-05	0.005947334		0.01987528	0.0007884	0.01056142		4.14e-05	0.008727986	0.000507932		0.002967143	0.000162475			0.002864614		0.000174892		0.000195712	0.079015896	0.000645401	0.019553443	0.001703113	0.000108931	0.000470545			0.01233893	0.008428014	6.77e-05		0.003155823	0.001050275		0.000141209	0.000577665	0.000165851	0.000198		0.00056391	6.58e-05	0.00035263		8.28e-05				0.000313972		0.000475949			0.000767595		0.000149167	0.000186829	0.000201634	0.000977358	9.61e-05	0.000382911	2.18e-05	0.000652377	0.000133896	6.29e-05	0.034480677	9.81e-05	8.78e-05	8.34e-05		0.034419604				9.41e-05	0.002917639	0.001275407	0.000234392	0.001475938	0.000187229	0.00544286	0.000376263	0.031092814	0.00377014	0.000332152	0.000335527	3.34e-05	0.002227238	0.009743964	0.000717637	0.000175077	0.038388904	0.000291457	0.000739819	2.28e-05	0.011577828	0.000907626	0.000626556		0.000718933	0.000119944	0.000674675		3.12e-05	0.001404219		0.0010847		0.000102391		0.000797524	0.000117857	0.00049164	0.00112088	0.000563262	0.000553824		0.000772392		0.000620872	0.016814861	0.00022375	0.002373252	0.001059448	0.004156684	0.000686149	0.002044432	0.000124556		0.016618404	7.87e-05	0.002424054	0.006300545	0.004215175		0.003351223	0.129678278					0.00012827		4.4e-05	9.56e-05	8.9e-05	0.000716593	0.026290473	0.000343491	0.002283585	0.001138903	0.000142967		0.000289358	5.48e-05	0.000684946	0.001632344		0.007435764	0.002271001	0.006457944	3.23e-05		6.51e-05	0.000754768	0.00061052	0.0057735	0.000216625	0.242070967	0.001137777	0.000572608	4.11e-05		0.000188579	0.026873723	0.000771652	0.000115947	0.000102764		0.006386877		0.000405891	0.003668283	0.000141579	6.49e-05	8.32e-05	0.000114929	3.22e-05	0.000120573	0.001197591	0.000608049	0.000873903		7.53e-05		6.16e-05		0.000105675	4.57e-05	0.000100771	7.75e-05	7.18e-05	7.03e-05
22-Control21D-6			0.000178973	5.4e-05	0.000371109	0.000287043		5.52e-05	7.9e-05	0.000134506	0.012609482	6.04e-05		0.003634033		0.000202362	0.00091523		0.000369541	0.000137714	0.000237316		8.31e-05			9.04e-05	6.15e-05	0.00053741		0.000158441		0.00016028	0.000212021		8.37e-05		0.001919702	0.000145568		8.16e-05	0.000382879	0.000166878	0.00022162	0.000271055	7.01e-05	0.000535371	0.000236856		0.002107133	0.000108401		0.001673808	0.003017428	0.000233071	0.000242916	0.01287894	0.003104561	0.000563336		0.000753535	0.016417733	0.001256124	0.000990027	0.000580093	0.009571611	0.011921381	0.013233783	0.000765545	0.002420221	0.000497841					0.000146231	0.000484046	0.00492021	0.000220529	0.000158841	0.005753993	0.001056194		0.071565662	0.000142471		0.054386524	0.000676514	4.15e-05		0.000308239	0.012932407		0.000129197	0.022694721	0.005415096	0.140489204			0.00107666	0.004549706	0.040144829		0.002513366		0.01158553	0.000728613	0.124689799	0.000177867	0.000158671	0.000262151	0.000128086		0.277376963	0.003908117		0.031595381		4.9e-05	0.000630189	7.74e-05	4.3e-05	0.001442523	0.017856419	0.009498071	0.001396531	0.000458075	0.000421052	0.000547556	0.083761493	0.00113545		0.000209171	7.29e-05	0.000178973	0.00020541			0.000514243	3.41e-05	0.000251573			0.000366853	0.000374114	0.000568444	0.000295725	8.13e-05	0.000206957			0.004115827	0.018188937	0.001253604		5.36e-05	0.00010446	0.000123027		0.001745836	0.000237316	0.001151626	0.001575472	0.001930262	0.000131966	0.085663496	0.204912758	2.99e-05		0.000881656	0.00054245	0.002821868	0.000149472	0.000577193	0.000133363	0.079398001	0.093622598	8.76e-05	8.09e-05	0.004946426		0.174011146	0.001518178	0.136751123			0.006282895	0.000364023	3.25e-05	0.000514575	4.98e-05	0.000509155			0.006209079	0.004919436		0.000310161	8.85e-05	7.86e-05	0.000194459	6.37e-05	0.005689087		0.013374973	0.000804273	0.011768972		5.84e-05	0.004878545			0.002779724	0.000131996			0.002990443		0.000204746		0.000238594	0.062017199	0.000555807	0.020595065	0.000265639		0.000329288			0.013969964	0.009085155	6.71e-05		0.003052055	0.001257568		0.000246226	0.000532351	0.000170858	0.00016175		0.000614681	5.25e-05	0.000395297					0.00010923	0.000323213		0.000506366			0.000789214	7.16e-05	0.00015862	0.000161939	0.000257841	0.000939443		0.000445663		0.000582942	0.00016143	5.56e-05	0.03737849	0.000144572	8.43e-05	0.000109176		0.047853944				9.06e-05	0.000456687	0.002101826	0.000305626	0.001429572	0.000183276	0.003016533	7.3e-05	0.037495066	0.006255764	0.000333898	0.000333438		0.000197181	0.009691645	0.00080876	0.000137974	0.042565943	0.000459159	0.000937341		0.012292507	0.00082657	0.00092993			0.000148093	0.000661028		4.09e-05			0.00030471				0.000668946	0.000169177	0.000482055	0.00129584	0.000856372	0.000476413		0.0009515		0.000410934	0.017260392	0.000230298	0.001244847	0.002109507	0.004373668	0.000807923	0.002492279	0.000164085	5.67e-05	0.0199589		0.002920535	0.005816637	0.007080519	0.000111857	0.003995509	0.1475207					0.000126017		5.8e-05	0.000104401	6.42e-05	0.000806927	0.027896236	0.000425863	0.002055867	0.001017561	0.000141696		0.000316134	0.000165146	0.000887897	0.001134492	0.000175765	0.012974219	0.00252675	0.006779406	4.03e-05		6.06e-05	0.000839574	0.000608467	0.004926146	0.000276424	0.343055513	0.000850612	0.000588133	0.00012433		0.000155451	0.032101108	0.000800069	0.000135723		6.98e-05	0.007866961		0.000585121	0.004798425	0.000110393	7.4e-05	7.6e-05	0.000110171	2.71e-05	0.000163819	0.00072994	0.000397435	0.000758257		9.24e-05		9.67e-05		7.94e-05		9.48e-05	8.19e-05	0.000100769	
32-Control28D-8			0.000226531	5.17e-05	0.000210166	0.000179502			6.19e-05	9.16e-05	0.015624918	8.48e-05		0.004166394			0.000881123		0.000411389	0.00010603	0.000270214		0.000149442			8.65e-05	5.63e-05	0.000710775	3.26e-05	0.00015672			0.000245939		6.5e-05		0.001571422	8.29e-05		8.17e-05	0.000368802		0.000110681	0.000147363	6.47e-05	0.000783557			0.001318461	0.000100346		0.001469819	0.002621233	0.000200252	0.000366365	0.011783204	0.002850294	0.00062441	0.000122667	0.000622412	0.014892405	0.001401267	0.000942516	0.000513184	0.009861852	0.006742028	0.016901466	0.000964444	0.00210231	0.00052526	6.31e-05		0.000395009		0.000147461	0.000400435	0.003393061	0.000230821	0.000128167	0.008250572	0.001506937	0.000204202	0.053948668	5.39e-05		0.057985248	0.000478903	2.2e-05		0.000472781	0.00992664		9.65e-05	0.021089455	0.004161287	0.11859582			0.001934084	0.003799177	0.041249731	9e-05	0.001700278	4.98e-05	0.005497385	0.000582522	0.10388463	0.000136263	0.000113281	0.000432683	5.56e-05		0.179100102	0.003243312		0.032523535		6.69e-05	0.000857606	0.000142592	3.87e-05	0.002268817	0.034974272	0.007426871	0.001313806	0.000388818	0.00028661	0.000230079	0.071332584	0.001205784	0.000104551	7.27e-05	7.62e-05	0.000149442	0.000246428	0.000169496		0.000263741	4.4e-05				0.000311252	0.000273026	0.000386137	0.000449505	8.9e-05	0.000178961			0.004558708	0.01801383	0.000919706		4.94e-05	0.000155682	0.00011754	0.000185316	0.002244329	0.000196964	0.001012716	0.001175379	0.003109056	5.75e-05	0.087179705	0.167737888			0.000870263	0.000528085	0.008094665	0.00018142	0.000585783	8.04e-05	0.064456366	0.080688159	0.000104049	8.33e-05	0.004274897		0.08323556	0.001862112	0.112582402			0.004822327	0.00072057	2.74e-05	0.000421366	4.31e-05	0.000259176			0.004561908	0.004458448		0.00025642	6.29e-05	7.7e-05	0.00019759	7.92e-05	0.006638231		0.015121531	0.000284499	0.008002243		3.36e-05	0.00278135	0.000647654		0.002367124	0.000144583			0.002771866	5.33e-05	0.000132732		0.00024393	0.050403929	0.000189938	0.014675703	0.000443246	3.62e-05	0.000476502			0.012150696	0.00859148	7.07e-05	0.000350994	0.002786078	0.001038255		9.92e-05	0.000293211	0.000167154	0.000151571		0.000527138	4.07e-05	0.000494434		0.000131168	5.79e-05		0.000107532	0.00040767		0.000450782		0.00014075	0.000813197		0.000232475	0.000168563	0.000236006	0.00099648		0.000457111	3.17e-05	0.000559379	9.6e-05		0.035317623	0.000138503	0.00011852	0.000134541		0.037608777				6.2e-05	0.000665464	0.001187804	0.000289667	0.001407079	0.000194409	0.002795738	0.000103265	0.037477117	0.003531179	0.000408195			0.000244243	0.008531017	0.001693042	0.000152887	0.035694889	0.000358466	0.000858149		0.010328195	0.000470328	0.000526965			0.000147351	0.000944713		4.31e-05	0.001184129		0.000181503		0.000139685		0.000512746	0.000158171	0.000525587	0.001270988	0.000393803	0.000348841		0.000667794		0.000412241	0.015142117	0.000250477	0.001215259	0.000968439	0.005993607	0.001039116	0.001799412	0.00012194		0.016202422		0.002845079	0.004095021	0.004892587	7.1e-05	0.003198701	0.119759227		2.75e-05			0.000137769	0.000365548	4.33e-05	9.37e-05	6.6e-05	0.001291918	0.020378093	0.000306808	0.001918368	0.000491666	0.00014212		0.000316972	5.98e-05	0.000807503	0.000465061	0.000995791	0.009338089	0.001698985	0.005016335	3.36e-05		3.07e-05	0.001709438	0.000558101	0.004294462	0.000172095	0.242991963	0.0009005	0.000389066	3.92e-05		0.000361563	0.023690016	0.000478731	0.000151423			0.007801121		0.000388429	0.003614942	9.99e-05	4.32e-05	8.04e-05	7.95e-05	2.89e-05	0.000176574	0.001012414	0.000438592	0.000823007	1.81e-05	0.000105514		6.23e-05	3.18e-05	9.38e-05	8.11e-05	6.13e-05	6.2e-05	6.07e-05	
3-Bleo7D-1	7.79e-05		8.66e-05	6.98e-05	8.62e-05	0.000548317			0.000116663	0.000102269	0.007686272			0.003281749		0.000205507	0.000368935	0.000210621	0.000388463	0.000482929						7.97e-05		0.000500283	4.74e-05	0.000199695		0.000167381	0.00017575				0.001964459	0.000239724		0.000102833	0.000300588				5.09e-05	9.73e-05	0.000106705		0.001394773	9.12e-05		0.000837439	0.002989656	0.000130822	0.000339883	0.00708391	0.00258644	0.000850545		0.000585744	0.01279806	0.002107623	0.00085582	0.000651395	0.004948183	0.008692977	0.022482914	0.000463273	0.001803224	0.000199151			0.000553398		0.000187602	0.000322423	0.025208578	0.000222477	0.000214416	0.007420787	0.000874798	0.000182049	0.133724224	8.75e-05	0.000430525	0.036652703	0.000299467		3.08e-05	0.000501583	0.014715376		0.000302101	0.01052919	0.013206751	0.188206718	2.41e-05		0.002561858	0.011165005	0.017368713		0.000967458		0.00228168	0.000201809	0.046887622	0.00010415	0.000160639	0.000627678	0.000123908		0.112035851	0.00433491	0.00014557	0.031751129	2.97e-05	4.41e-05	0.000609688	7.53e-05	3.01e-05	0.000951514	0.015450887	0.021234783	0.001522934	0.000507722	0.000332437	0.000381918	0.073737482	0.001241805	0.000187839	2.39e-05	0.000168785	0.000221942	0.000159283			0.00085183		0.000225034		7e-05	0.000241506	0.000264122		0.000300821		0.000129384			0.002962682	0.01528583	0.001767446		4.54e-05	0.000112098	8.62e-05	0.000126827	0.00230265	0.000242237	0.000926174	0.0007251	0.002326595	7.67e-05	0.151130006	0.217448646	3.62e-05		0.00127628	0.000867824	0.001794544	0.000211783	0.000545383	8.06e-05	0.055277121	0.092337839	0.000124284	0.000131811	0.004090364		0.120359413	0.002105745	0.084968391			0.00338063	0.000758561		0.000645129	3.9e-05	0.001869152			0.009454465	0.012075964		0.000269549	4.43e-05	0.000209806	0.000226553		0.006344223		0.009791152	0.000604673	0.01270397		1.8e-05	0.00357149	0.000588661		0.007383091	0.00013158	0.000980442		0.000377462				0.00023963	0.05885462	0.000388463	0.028875473	0.000249633		0.000298726			0.030995358	0.008647317			0.003478164	0.001082428			0.000371725	0.000131115	5.94e-05		0.000372946	9.3e-05	0.00035336		0.000131348	7.21e-05	5.8e-05		0.000592819		0.000584206	0.0001288		0.001168412		0.00027096	0.000206419	0.000484623	0.000729428	0.000136891	0.000597052		0.000690679	0.000162731	4.54e-05	0.019413519	0.00020529	6.65e-05	8.38e-05		0.019226011					0.000434442	0.000957873	0.000413402	0.003103337	0.000109263	0.002362	5.21e-05	0.023203756	0.001989028	0.000420312	0.000231079		0.000260846	0.012296684	0.000169473		0.030781695	0.000267399	0.001038773		0.015598348	0.000280825					0.001245757	1.76e-05	2.18e-05		0.000145296	0.000214335				0.000811565	0.000130436	0.000240947	0.001370981	0.000334748	0.000171326	2.21e-05		3.75e-05	0.000279898	0.040545092	0.00035968	0.000747398	0.0002662	0.003456149	0.000492244	0.002076057		8.91e-05	0.01849319		0.000747398	0.003706539	0.00314765		0.003075392	0.09240351		0.00013369	2.42e-05		0.000161569		8.54e-05	0.000139019	0.000111771	0.000767437	0.041930092	0.000445484	0.000261551	0.000826211	0.000108196		0.000220061	0.000122402	0.000172172	0.000138255		0.001539296	0.004127339	0.007525909	6.45e-05	2.78e-05	3.08e-05	0.002317528	0.000965927	0.005281101	0.000292411	0.22222149	0.000710904	0.001769706	6.63e-05		0.000767628	0.02882862	0.000703555	0.000162294	0.002633311		0.001835094		0.000257329	0.00208385	0.000131905	3.59e-05	3.9e-05	0.000126354	2.41e-05	0.000177723	0.000652938	0.000109889	0.000499394		9.19e-05		3.15e-05		6.91e-05		0.000111959	5.38e-05	5.84e-05	9.93e-05
5-Bleo7D-3	7.34e-05	0.000125986	7.3e-05	4.84e-05	0.000237011	0.000662092	7.61e-05		0.000110503	9.31e-05	0.006824888			0.008806921		0.000285697	0.0004621	0.000204014	0.000414739	0.000328225	0.00022338		0.00015852			7.27e-05		0.001091208	4.01e-05	0.000125591		9.61e-05	0.000152435				0.002164599	0.000173398		8.98e-05	0.000321936			4.36e-05		0.000112657	0.000127317		0.000674447	0.000117069		0.00095972	0.001216108	0.000120828	0.000237775	0.007118633	0.002298053	0.001081605		0.000482343	0.012437998	0.002733127	0.000641964	0.000507577	0.006154175	0.008105899	0.031752687	0.000418004	0.002305304	0.000142208			0.000393685		0.000147029	0.000204281	0.025719298	0.000445993	0.00021567	0.004448238	0.000905984	0.000221619	0.136027249	9.91e-05		0.028342442	0.00051219		2.26e-05	0.001333922	0.011266955		0.00028308	0.00533965	0.014175625	0.187331641	2.94e-05		0.001216224	0.013989162	0.015117205	8.4e-05	0.001194085		0.001025201	0.000207975	0.034354608	0.000146516	7.36e-05	0.000356641	0.000221079		0.052090978	0.004105578	2.08e-05	0.039493748	3.7e-05	5.98e-05	0.001323337	0.000149993	5.37e-05	0.001196858	0.021108567	0.015635962	0.001627128	0.000465168	0.000237953	0.000267861	0.095636245	0.001254312	9.76e-05	6.8e-05	0.000348437	0.000338177	0.000163958			0.0012499					5.48e-05	0.000214311	0.000275282	0.000423176	6.09e-05	6.84e-05			0.003949775	0.014413488	0.000652277		9.99e-05	0.000204338	0.000109293		0.001830375	0.000152052	0.00123559	0.000971643	0.001381314	5.7e-05	0.157675188	0.237376488	2.8e-05		0.001415828	0.001034436	0.015257976	0.000206699	0.000473604	9.21e-05	0.092322398	0.072207849	0.000118813	0.000170627	0.004242294		0.14110493	0.002987542	0.087842785		0.000166624	0.003829868	0.000331523		0.000731656	6.95e-05	0.002660373			0.007335116	0.011957878	2.22e-05	0.000282567	6.49e-05	0.000289851	0.000132357	0.000105783	0.004437854		0.011783454	0.001586641	0.02223072	3.4e-05	2.51e-05	0.006571021	0.000414065		0.013393591	0.000156079			0.000329045				0.000208898	0.094082758	0.000350697	0.047386834	0.001086931	7.06e-05	0.000396139	0.000195361	0.000163432	0.030011559	0.010969023		0.000106193	0.007972295	0.000764592		0.000166523	0.000250032	0.000119264	3.73e-05	6.12e-05	0.000544818	8.85e-05	0.000284163		0.000117347	7.52e-05		0.000145724	0.000459761		0.000538989	0.000120763		0.001473351		0.000536507	0.000171448	0.000438932	0.00057488	0.000136153	0.00040415	9.99e-05	0.000389429	0.00010124	3.57e-05	0.023659866	0.000108143		9.14e-05		0.021967032				6.57e-05	0.001057943	0.001198865	0.000637775	0.003486834	0.000114662	0.00191646	0.000112045	0.018381515	0.001886614	0.00049182	0.000152819		0.000139068	0.018966122	0.000292599		0.028885089	0.000218879	0.001055674		0.020585698	0.00010824	0.00039112				0.001926562		4.48e-05		0.000120031	0.00019022		0.000194427		0.001149689	9.15e-05	0.000177604	0.001287042	0.000244706	0.000166421		0.000700465		0.000275726	0.039120071	0.000299085	0.000795988	0.000149744	0.004646136	0.000622898	0.00214711			0.012967611	4.28e-05	0.000770953	0.002683065	0.002729702	5.95e-05	0.004601632	0.103003494	2.12e-05	0.000149647		1.87e-05	0.000151285		0.000111016	9.91e-05	0.000143233	0.000604019	0.045751252	0.000183145	0.000226956	0.00068222	0.000165087	5.91e-05	0.000234959		0.000156468	0.000125938		0.001224147	0.005171049	0.010895535	7.84e-05		5.06e-05	0.001043464	0.001141252	0.005652574	0.000630798	0.25619158	0.001338939	0.002923342	8.33e-05		0.000228749	0.043893126	0.001306331	0.000197714	7.72e-05		0.002386528		0.000167613	0.001585717	0.000136564	6.7e-05	6.12e-05	0.000129484		0.000230034	0.000863398	0.000222647	0.000404048		0.000103833	3.02e-05	4.65e-05	4.67e-05	7.52e-05		9.53e-05	7.67e-05	6.39e-05	
6-Bleo7D-4	9.27e-05		7.19e-05	5.2e-05	0.000141592	0.000625612			7.53e-05		0.006847094			0.001712836	7.47e-05	0.000460045	0.000430446	0.000151285	0.000369894	0.000504453	0.000186881					7.33e-05		0.002250315		0.000133293		0.000207001	0.00014432				0.002292781	0.000243345		5.86e-05	0.000246854				5.88e-05				0.000960591	0.000154221	8.98e-05	0.000887202	0.002654523	0.000144186	0.000254745	0.01429929	0.002755043	0.001117911		0.000535059	0.015978331	0.002893318	0.000900474	0.000681197	0.005326036	0.010336634	0.03938888	0.000435096	0.002422141	0.000196301			0.000283594		0.000209359	0.000235644	0.03944744	0.000241243	0.000178453	0.007055256	0.000723537	0.000138303	0.143273158	0.000132351	0.000512359	0.028232052	0.000376928			0.000335485	0.013239913		0.000252689	0.014699982	0.010677502	0.182449941	3.48e-05		0.002638781	0.012957884	0.011986328		0.001015272	5.8e-05	0.001628293	0.000124855	0.025328713	0.000102266	8.76e-05	0.000587922	0.000212998		0.083505934	0.002405471	6.31e-05	0.027373631	2.38e-05	7.07e-05	0.000751814	5.59e-05	3.09e-05	0.000797631	0.014123668	0.012598181	0.001074084	0.000460045	0.000222671	0.000150851	0.088979832	0.001389017	0.000168116		0.000321277	0.000178042	0.000134302			0.001224015		0.000230797		4.27e-05	0.000192174	0.000209908	0.000523756	0.000292897	6.98e-05	0.000110252			0.003811993	0.013605198	0.000720547		5.97e-05	9.78e-05	8.61e-05	0.000125755	0.001469321	0.00028806	0.001510334	0.000705906	0.001946198	6.91e-05	0.14278729	0.243645741			0.001458294	0.001153167	0.000917626	0.000204486	0.00067227	7.13e-05	0.041700896	0.104874463	0.000147958	0.000165208	0.00398295		0.179852619	0.003250305	0.096517773			0.002851779	0.000710962		0.00074749	5.19e-05	0.00303216			0.007530005	0.012728068		0.000400646	3.88e-05	0.00022743	0.00017414	6.61e-05	0.003270781		0.008967208	0.000608054	0.022594214			0.001059188	0.000430523		0.009992953	0.000178563			0.000180917				0.000219113	0.090757227	0.000653311	0.041081239	0.000909924	5.03e-05	0.000476922			0.029072014	0.011049217			0.005960718	0.00072141			0.000464495	0.000115688	6.86e-05	6.54e-05	0.0004909	0.000114382	0.000363703		0.000145868	5.4e-05		0.00014432	0.00059409		0.000487323			0.001004633		0.000542238	0.00014806	0.000316348	0.000598095	0.000132762	0.000321996	2.55e-05	0.000600497	0.000155928	5.15e-05	0.020694481	0.000158944		0.000112021		0.019005236				4.66e-05	0.001101483	0.00122398	0.000549528	0.003496979	0.000104661	0.001946758	0.000118727	0.024609155	0.001849411	0.000481519	0.000124975		0.000180965	0.018533127			0.025986463	0.00035903	0.000923273		0.020497238	0.000203216	0.000336986				0.001166002	3.32e-05	4.58e-05	0.000934407	8.22e-05	0.000190278		7.12e-05	4.88e-05	0.000632224	8.73e-05	0.000184203	0.001321455	0.000330723	0.000124342		0.000735374		0.000239889	0.03169901	0.000290679	0.000691736	0.000228869	0.003935	0.000539774	0.003342189	7.95e-05		0.018087115	8.79e-05	0.000561131	0.002492044	0.00284837	9.31e-05	0.004318005	0.101498951		0.000131889		2.14e-05	0.000121299		9.37e-05	0.00010853	9.09e-05	0.000552814	0.040518055	0.000351053	0.000220345	0.00099999	0.000133994	6.46e-05			7.22e-05	0.000161586		0.001134583	0.006149233	0.011498611	7.11e-05			0.002079684	0.001040809	0.003863376	0.000442539	0.242065745	0.001251293	0.00264404	4.06e-05		0.00064151	0.044740037	0.000611751	0.000178248	0.000550813		0.002125315		0.000213254	0.00108499	0.000121159	2.93e-05	5.96e-05	0.000134815		0.000156788	0.000799547	0.000115409	0.00042724		0.000106887		4.28e-05		8.5e-05		0.000118181		6.63e-05	3.23e-05
7-Bleo7D-5	9.2e-05		4.45e-05	4.57e-05	0.000132585	0.000698386			0.00013614	9.08e-05	0.006071323			0.002292294	0.000128612	0.00062661	0.000462616	0.000248733	0.000503482	0.000498152		0.000163994				8.26e-05		0.001891683	3.19e-05	6.33e-05		0.000210698	0.000139935				0.001925147	0.000178433		5.35e-05	0.000244488				3.72e-05			4.34e-05	0.001032256	0.000106947	0.000109733	0.000729702	0.002172166	0.00010157	0.000194438	0.005819098	0.001938108	0.000921753		0.000443166	0.011751086	0.002176016	0.000615388	0.000523713	0.005132827	0.014822443	0.031178909	0.000364697	0.001846356	0.000149929					0.000275743	0.000226994	0.045806432	0.000209813	0.000141006	0.006665912	0.000505074	0.000174648	0.119023404	0.00015476	0.000380164	0.021711095	0.000372304	3.87e-05	2.02e-05	0.000290304	0.010897035		0.000227181	0.012075597	0.007851419	0.131859527			0.002990107	0.01251203	0.014965434		0.000988913	5.77e-05	0.00218156	0.000120983	0.019769086	9.76e-05	0.000118706	0.000432895	0.000265009		0.108160649	0.004817927		0.026643569	2.17e-05	6.85e-05	0.000990615	7.92e-05	3.49e-05	0.000861721	0.01369431	0.006662179	0.001063397	0.000412374	0.000252095	0.00056699	0.104728567	0.001130387	0.000193184		0.000246456	0.000286784	8.83e-05			0.001878364		0.000198314	2.43e-05	2.15e-05	0.00012729	0.000215769	0.000224094	0.000331173					0.004819932	0.016834258	0.001229886		5.19e-05	0.000149069	9.91e-05	0.000112813	0.001374402	0.000235465	0.001758117	0.000869147	0.001457195	6.83e-05	0.118442632	0.214904153	3.27e-05		0.001432428	0.001106995	0.002127346	0.000222728	0.000763183	0.000117356	0.04359815	0.084799855	0.000136515	0.000129123	0.002843042		0.15032073	0.003372937	0.073708107			0.002388618	0.000580437		0.001051135	5.32e-05	0.003878364			0.00829064	0.012047445		0.000681263	6.45e-05	0.000146901	0.000142409		0.002800937		0.009473408	0.000599673	0.027533862	5.1e-05		0.001318676			0.011572029	0.000257756			0.000167766		8.71e-05	0.001103201	0.000296795	0.114373818	0.000507374	0.057776871	0.001049795	6.26e-05	0.000524021			0.028302236	0.012011202			0.005079862	0.00066124			0.000424934	0.000118529	0.000219306	6.37e-05	0.000491883	0.000136047	0.00067066		0.000158864	7.09e-05	4.34e-05	0.000151611	0.000600047		0.000515688	0.000116398		0.001602791		0.000626527	0.000196678	0.000284632	0.000540913	0.000103111	0.000361076	6.13e-05	0.000565576	0.000179031	5.17e-05	0.017131704	0.000155041		0.00016262		0.016728523				6.82e-05	0.001036902	0.001271743	0.000351345	0.003683838	0.000116052	0.001946134	0.000104796	0.016281848	0.001554814	0.000703388	0.000123659		0.000159016	0.023149953		9.18e-05	0.026961698	0.00020006	0.001008749		0.019482489	0.000262126	0.000269942				0.001629007	3.93e-05	3.7e-05			0.000244338		8.62e-05		0.000730101	9.94e-05	0.000125567	0.00111027	0.000223345	8.59e-05		0.000506948	4.15e-05	0.000298091	0.023082865	0.000251602	0.000637006	0.00021985	0.003792376	0.000495626	0.004103536	0.000107499	5.5e-05	0.01590198		0.00048524	0.002848605	0.002182022	9.72e-05	0.004833317	0.104661292		0.000144413	2.59e-05		0.000111806		9.83e-05	8.7e-05	8.6e-05	0.000521357	0.039280581	0.000306807	0.00021193	0.00092877	0.000156819	5.13e-05	0.000731883		5.97e-05	6.81e-05		0.000847813	0.005108026	0.009482765	6.95e-05			0.001643657	0.001218369	0.003620432	0.000569638	0.226702709	0.00176077	0.003526645	5.88e-05		0.000656861	0.050326575	0.000793357	0.000145778	0.001479272		0.002549147		0.000184351	0.000917521	0.000162433	6.48e-05		9.31e-05		0.000145497	0.000774363	0.000129029	0.000259462	1.96e-05	9.24e-05		4.06e-05	3.37e-05	6.45e-05		0.000103485	6.34e-05	5.65e-05	8.17e-05
8-Bleo7D-6	0.00012228		3.71e-05	3.79e-05	7.81e-05	0.000437671			0.000100195	5.91e-05	0.007780987			0.003453103	9.9e-05	0.000331366	0.000472338	0.000130941	0.000429481	0.000364662	0.000155014							0.001019994		9.5e-05		9.59e-05	0.000170698				0.001761312	0.000234508		6.83e-05	0.000259147		0.000138829		3.7e-05			1.83e-05	0.001495721	8.46e-05	9.83e-05	0.000704253	0.00236707	0.000106179	0.000280878	0.008068362	0.001839976	0.001024669		0.000608987	0.011815224	0.002345781	0.001045869	0.000567392	0.011215003	0.013681812	0.028913463	0.000775993	0.002157127	0.000273722					0.000243904	0.000177209	0.035657512	0.000171063	0.000157032	0.006999533	0.000504252	0.000196525	0.121606054	0.000104585	0.000318376	0.024723683	0.000517303	3.06e-05		0.000359464	0.010155228		0.000186066	0.014852921	0.010677076	0.145109437	2.68e-05		0.002672264	0.00941119	0.021936378		0.001156135		0.003256399	0.000117754	0.017116068	0.000147328	4.63e-05	0.000476714	0.000269178		0.160130295	0.003665402	0.000574706	0.028561744		4.17e-05	0.000541592	7.15e-05		0.00079495	0.012607403	0.00759736	0.000936104	0.000433675	0.000295621	0.000955881	0.097763809	0.001808752	0.0001293	3.06e-05	0.000227268	0.000162269	4.25e-05			0.001264956	1.42e-05	0.00020626	1.73e-05	0.000119648	0.000235437	0.000459155	0.000298738	0.000161397	5.54e-05	0.000129347			0.004779955	0.014020586	0.00088653		3.88e-05	7.66e-05	9.78e-05		0.00130905	0.000229786	0.001556343	0.000744495	0.001823333	0.000110831	0.117091181	0.191020524	2.63e-05		0.001346071	0.001024441	0.000604021	0.000207354	0.000603644	0.000217904	0.054254791	0.073340493	0.000109591	0.000137239	0.0031967		0.093021437	0.004325081	0.07549473			0.002488982	0.000698294		0.000595242	4.45e-05	0.002798845			0.0059334	0.013867768		0.000389383	6.05e-05	0.000163501	0.000150871	9.63e-05	0.003157962		0.028688971	0.000792013	0.019880179	3.84e-05		0.001505462			0.012939441	0.0001924			0.000136315				0.000159111	0.097672492	0.000491669	0.043600511	0.000340044		0.000476241			0.022641365	0.010549542			0.007265122	0.000730632			0.000392642	0.000127112	6.95e-05		0.000451764	0.000110592	0.000422004		0.000133677	7.15e-05	4.05e-05		0.000583073		0.000453554	0.00010497		0.000912213		0.000347333	0.000148098	0.000300124	0.000608103	0.000107358	0.000318068	4.8e-05	0.000752093	0.000138419	5.35e-05	0.017298129	0.00013439	4.29e-05	5.08e-05		0.014203088					0.000483278	0.001540805	0.000216872	0.004508326	0.000115258	0.002055466	5.17e-05	0.026104054	0.002876855	0.000684798	0.000137872			0.027580662		0.000127476	0.027303796	0.000703358	0.000649152		0.020516932	0.000198583	0.000230041		6.31e-05		0.001110697	3.75e-05	2.85e-05			0.000165664		7.66e-05		0.000741151	0.000164321	0.000194461	0.001166378	0.000363506	0.000180829	2.78e-05	0.000639756	2.74e-05	0.000253312	0.028459084	0.000320456	0.000641296	0.000386789	0.00342058	0.000390076	0.008096271	0.000124427	6.9e-05	0.026771274	0.000174967	0.000848464	0.003431729	0.00481733	0.000121207	0.004945685	0.082479521	0.000565646	0.014297562	0.000278658	0.0004977	0.000104133		9.88e-05	0.000107233	8.4e-05	0.000481954	0.029080279	0.000220491		0.000679145	0.000111901		0.000225035		0.000169277	8.53e-05		0.000839838	0.005428875	0.013184269	9.93e-05			0.001964669	0.001299384	0.003349585	0.000432357	0.210399804	0.001691297	0.002409693	3.61e-05		0.000689905	0.04262405	0.000754353	0.000152026			0.002023005	4.22e-05	0.000200819	0.001282515	0.000176208	6e-05	2.98e-05	0.000122375		0.000196001	0.00076552	8.52e-05	0.000329697	2.98e-05	8.6e-05		4.79e-05	4.93e-05	0.000102737		8.59e-05	7.07e-05	6.25e-05	
13-Bleo14D-1	0.000137189		5.83e-05	5.55e-05	9.6e-05	0.000490216			0.000123021	7.26e-05	0.005791855			0.002672403	0.000100546	0.000427639	0.000564549	0.000213274	0.000473821	7.28e-05	0.00028582	0.000177092				8.65e-05		0.00174292		0.000202183		0.000202001	0.000139637	8.4e-05			0.001778123	0.000124109		9.51e-05	0.000318184			4.17e-05	5.49e-05	0.000104047	8.91e-05		0.001045371	0.00010879		0.001035288	0.001576645	0.000120538	0.000145482	0.010596605	0.003167326	0.001215		0.000503514	0.021437339	0.003266005	0.000622625	0.000705848	0.006361552	0.019430582	0.036762991	0.000415349	0.002017172	0.000197558			0.000419297		0.0001147	0.000153037	0.033182924	0.000186183	0.000194562	0.011628256	0.00118128	0.000150258	0.145350724	0.000105913		0.030923833	0.000509268	3.63e-05	2.11e-05	0.000465188	0.017041708	1.02e-05	0.000340445	0.018848665	0.014730677	0.136834536	3.69e-05		0.00684968	0.016130466	0.016614868	5.02e-05	0.001268233	0.000223274	0.002284651	0.000264316	0.046927258	9.28e-05	0.000132546	0.000644186	0.000164546		0.113573753	0.002217408	2.18e-05	0.026237232	2.68e-05	7.49e-05	0.00159946	0.000262245	4.16e-05	0.001453827	0.022554689	0.012282083	0.001228371	0.000547094	0.000296911	0.000333354	0.081365273	0.001038133	0.000343275	5.49e-05	0.000183598	0.000244564	5.28e-05			0.001098477		0.000166728	1.67e-05	3.08e-05	0.000131948	0.000309007	0.000304441	0.000534731	8.65e-05	0.000181238		0.005005511	0.004321432	0.014393364	0.000640883		6.18e-05	0.000220497	0.000111092		0.001801102	0.000212183	0.001725284	0.000509268	0.002533471	5.19e-05	0.166238112	0.196176774	2.89e-05		0.001686738	0.00111854	0.007704267	0.000282911	0.000884915	0.000147936	0.09391867	0.059047283	0.000123565	0.000103269	0.003191539		0.110745753	0.003528022	0.066678143			0.002660017	0.001224008	1.67e-05	0.000738435	5.01e-05	0.002506916			0.001697647	0.011720403		7.75e-05	5.17e-05	0.00014145	0.000107546		0.004569573		0.007075167	0.000481896	0.018765164	4.2e-05		0.001468737	0.000370238	6.29e-05	0.009792586	0.000217274			0.000410665				0.000138573	0.174796021	0.000492912	0.039439637	0.001685628	0.000105593	0.000355312			0.031027651	0.014383364			0.006576941	0.00050818		9.18e-05	0.00032982	0.000121092	0.000132344	5.69e-05	0.000566035	3.9e-05	0.000461094		0.000148728	7.87e-05	6.84e-05		0.000617747		0.000580913	0.000115089		0.002038922		0.00044628	0.000125665	0.000431583	0.000526843	0.000113689	0.000390369	8.07e-05	0.000889642	9.64e-05	6.57e-05	0.01760541	0.000127998	4.29e-05	3.7e-05		0.02042641				7.58e-05	0.001579005	0.001552931	0.000520077	0.003761151	0.000120183	0.002342005	0.000198745	0.02867659	0.002591204	0.000495094	0.000125637		9.73e-05	0.020148019			0.025496931	0.000465103	0.000988987		0.020171193	0.000216265	0.000441615		3.18e-05		0.001699738	3.55e-05	3.31e-05	0.00095637		0.00025242		0.000208183		0.000711823	9.39e-05	0.00012722	0.001187126	8.72e-05	0.000130952			2.99e-05	0.000288184	0.030805172	0.000352576	0.000353821	0.000288973	0.00369132	0.000533608	0.005544487	0.000113639		0.019693152	9.03e-05	0.000789448	0.002824632	0.002893445	0.000105678	0.004140754	0.092170796	3.01e-05	8.45e-05	4.13e-05	1.81e-05	0.000101092		8.74e-05	0.000105455	0.000123487	0.001178495	0.034643308	0.000225201	0.000315017	0.000624913	0.000175277		0.000256462		0.000108168	0.000155565		0.000911768	0.005293155	0.009181838	7.4e-05	2.42e-05	1.58e-05	0.002882018	0.001088007	0.004262209	0.000460822	0.192479699	0.002744199	0.002434363	7.75e-05		0.0014651	0.030209043	0.000623269	0.000223646	0.000109526		0.002738493		0.000181902	0.001682708	0.000149693	6.81e-05	3.83e-05	0.000123954		0.000282823	0.000713629	6.94e-05	0.000271548	1.72e-05	9.89e-05		4.81e-05	3.13e-05	6.29e-05		6.52e-05	7.47e-05	5.28e-05	8.3e-05
15-Bleo14D-3	0.000106423		3.73e-05	4.63e-05	7.39e-05	0.000615919			8.25e-05	6.17e-05	0.004123822			0.004675693	0.000198479	0.000683309	0.000391735	0.000324449	0.000762117	0.000112847		0.0001209	0.000104829		8.39e-05	5.19e-05		0.002231356	2.05e-05	0.000292189		5.33e-05		0.000216299			0.001424465	8.3e-05	2.48e-05	0.000117618	0.000340272						7.14e-05		0.00123655	7.69e-05		0.00022787	0.000879983		0.00011499	0.004689465	0.000771418	0.00037996		0.000165565	0.003834984	0.000548787	0.00024698	0.000173967	0.003784705	0.00346682	0.005574852	0.000240259	0.00067399	8.57e-05			0.000306336		7.28e-05	0.000198459	0.038059127	0.000850296	0.000106684	0.003652664	0.000616791	0.000151233	0.12469259		0.000469476	0.011639612	0.001828075	5.73e-05		0.000641299	0.009990802	2.51e-05	0.000160357	0.010570098	0.00775017	0.0726487	5.75e-05		0.001621938	0.004491132	0.013561936	4.35e-05	0.000477759	3.43e-05	0.00191166	0.000159032	0.014535545	0.00042117	9.11e-05	0.000207389	0.000165911		0.115284701	0.001916506		0.02875117	3.66e-05	3.04e-05	0.001203636	0.000271775	5.43e-05	0.002040558	0.031447138	0.006419468	0.00131746	0.000350411	0.00013319	0.000849868	0.10328745	0.001236674		7.6e-05	0.000173345	0.000367431	0.000366768			0.002323262	1.42e-05		3.4e-05	0.000258861	0.000116242	0.000390569	9.75e-05	0.000278516	6.1e-05	0.000234724			0.003377778	0.011513181	0.000609598		0.000100044	0.000281616	0.000111376		0.002507107	0.000150549	0.001681083	0.000683308	0.001007605	4.37e-05	0.10221988	0.154888567	2.55e-05		0.001503342	0.001132243	0.00642192	0.000285276	0.000420616	7.96e-05	0.053263534	0.053380953	0.000166387	0.000185405	0.002599514		0.085127229	0.004022893	0.041285625			0.002133191	0.000427222		0.000869575	3.25e-05	0.005658963			0.000105077	0.01323645	1.41e-05	0.000213832	0.000245042	5.53e-05	8.78e-05	9.15e-05	0.004194607		0.020260506	0.002551142	0.03653964	4.25e-05		0.001884324			0.029860486	0.000191413		0.000410785	0.000194284				0.000184875	0.267567287	0.000147016	0.075673559	0.000339145	3.37e-05	0.000236964			0.031743493	0.015385985		0.000244181	0.006946726	0.001110774		0.000125503	0.000170674	8.5e-05	3.74e-05		0.000439459	0.000125834	0.000327214	3.27e-05	0.000239343	0.000136416	3.64e-05		0.000917815	4.22e-05	0.000313388	0.000230398		0.000677779		0.000425676	0.000118877	0.000214892	0.000371009	8.7e-05	0.000283674	6.65e-05	0.000148399		3.1e-05	0.017989923	7.12e-05		3.16e-05		0.010108154					0.000490144	0.000858962	0.000220723	0.009226254	7.5e-05	0.00155095	7.95e-05	0.005642264	0.001632522	0.001035871	0.00010646			0.033001637	0.000301099	6.56e-05	0.021180838	0.000468525	0.000843467		0.0358177	0.000178316					0.002028058	6.31e-05	3.43e-05	0.000828175	5.75e-05	0.000394193		0.000152239	8.1e-05	0.001878794	0.000102339	0.000121262	0.000945447	0.000189513	4.6e-05	1.44e-05	0.001470054	3.62e-05	0.000311699	0.023456656	0.000514999	0.000338739	0.000216866	0.005556851	0.000412755	0.009532667	8.3e-05	5.79e-05	0.025555027	0.000131332	0.000836907	0.00275128	0.001927343		0.006156084	0.092004511	5.48e-05	0.000436816	0.000147459	4.14e-05	0.000107228		9.41e-05	5.16e-05	0.000193092	0.001406242	0.047964249	9.28e-05	0.000122123	0.000355788	0.000109202		0.000198194	3.33e-05	0.000188519			0.000446615	0.005463618	0.011369743	6.67e-05	4.5e-05	2.37e-05	0.000608496	0.001186113	0.002875953	0.000904827	0.266586502	0.005039254	0.005175571	6.33e-05		0.000243644	0.062676386	0.002135869	0.000322769	0.000243027	2.96e-05	0.00191117		7.68e-05	0.000683176	0.000141207	6.86e-05		8.37e-05		0.000160092	0.000608298	9.96e-05	0.000247295	3.21e-05	0.000135906		4.61e-05	4.98e-05	7.63e-05		0.000109003	5.21e-05	8.16e-05	8.01e-05
16-Bleo14D-4	0.000130406		5.08e-05	6.74e-05	0.000111843	0.000797163			0.000131232	5.61e-05	0.00497779		0.000103751	0.00852081	8.22e-05	0.000409812	0.000423683	0.000169789	0.000471441	0.00016456			5.63e-05			0.000178744		0.001628887		0.000386284		0.000117465		5.34e-05	3.64e-05		0.00211725	0.000218719	3.27e-05	0.000134036	0.00041069		8.08e-05				0.000108159		0.001152373	0.000114327	0.000112375	0.001078112	0.001834747	0.000153992	0.000201676	0.01224656	0.003711308	0.001331147		0.000743894	0.026895714	0.003359187	0.000689416	0.000905406	0.004797154	0.017769449	0.0418223	0.000397199	0.001805598	0.000182619					0.000167204	0.000276644	0.057120633	0.000417011	0.000220562	0.006392465	0.000426668	0.000214494	0.135730543	8.66e-05	0.000467162	0.022754206	0.00065127	4.65e-05		0.000949472	0.013511236	2.37e-05	0.000334568	0.007747969	0.010583123	0.138320002	5.23e-05		0.002472039	0.016685341	0.019035858	6.31e-05	0.001126524	3.85e-05	0.002084185	0.000224327	0.024998639	0.000165602	0.000233175	0.000427019	0.00027391		0.1425821	0.002467607	0.000211005	0.035160668	4.08e-05	4.13e-05	0.001319011	0.000267198	7.9e-05	0.001103717	0.017626468	0.014468713	0.001344267	0.000532193	0.000238969	0.002165368	0.101805439	0.001193902	0.000145383	0.000521561	0.000129789	0.000613615	4.57e-05			0.002554287		0.000200516	2.29e-05	0.00014237	0.000151172	0.000451549	0.000524445	0.000286201	6.55e-05	0.00015835			0.004682192	0.012882906	0.000893177	3.08e-05	0.000137883	0.00032589	8.55e-05		0.002182326	0.000238793	0.001771988	0.001131331	0.002003758	6.86e-05	0.144046198	0.227393502	4.8e-05		0.002075045	0.00150083	0.006488108	0.000248099	0.000659316	0.000204069	0.078922367	0.097458936	0.000142288	0.00018531	0.003668393		0.140062465	0.005231332	0.078007912			0.002630766	0.000717258	2.38e-05	0.00113069	4.73e-05	0.005565962			0.002312609	0.012141477		0.000703026	8.28e-05	0.000163679	0.000156949		0.009104966		0.007910343	0.002032806	0.024182809	4.91e-05		0.0026334	0.000345071		0.027279167	0.00020912			0.000763674		5.41e-05		0.000167364	0.196160563	0.000420347	0.051726041	0.000764014	7.16e-05	0.000317725			0.030325692	0.014141313			0.006535457	0.000868227		0.000347707	0.000407178	7.15e-05	0.000162767	5.97e-05	0.000446091	0.000121698	0.000504627		0.000236511	9.31e-05	5.69e-05	0.000100785	0.000895707		0.000496199	0.000184509	0.000264077	0.000996436	5.2e-05	0.000435676	0.00020542	0.000380716	0.000536863	0.000122899	0.000397861	3.24e-05	0.000729198	0.000105526	4.83e-05	0.021122583	0.000141006		3.85e-05		0.017045353	6.08e-05			4.8e-05	0.000968951	0.001088196	0.000274721	0.006621903	0.000104472	0.002463681	0.000190047	0.025628232	0.00196147	0.000835075	0.000140993	2.34e-05	0.000279014	0.023430431		6.2e-05	0.029798363	0.000540252	0.001511406		0.026289963	0.000131517	0.00039722		0.000101863	6.32e-05	0.001519738	4.5e-05	4.5e-05	0.001072288		0.000396943		0.000122382		0.001343389	0.000131407	0.000169287	0.001259358	0.001254471	0.00012987		0.001335549	4.66e-05	0.000522712	0.036691141	0.000430068	0.000462595	0.000214153	0.004164237	0.00039057	0.011432465	0.000162366	6.09e-05	0.02921251	0.00022304	0.001451879	0.003196896	0.001922502	9.78e-05	0.005922253	0.111935821		0.000152568	4.21e-05	3.37e-05	9.22e-05		0.000140445	0.000101838	0.000152623	0.001611311	0.041855397	0.000195806		0.000875986	0.000154626			3.85e-05	0.000323833			0.000485508	0.005141342	0.00938818	0.000100547	4.94e-05		0.001759697	0.001030148	0.004036312	0.000913092	0.290967231	0.003757134	0.005551221	6.16e-05		0.000637543	0.043541778	0.001668995	0.000343782	0.004537026		0.002742883	5.95e-05	0.000207231	0.00150091	0.000161195	4.77e-05	5.96e-05	0.000113205	2.8e-05	0.000245799	0.000926151	0.00019172	0.000557453	2.83e-05	9.97e-05		4.09e-05	2.65e-05	0.000107517		0.000103751	7.14e-05	7.4e-05	0.000163904
17-Bleo14D-5	9.14e-05		5.5e-05	5.52e-05	0.000134315	0.000890616			8.63e-05	7.06e-05	0.004172			0.009002575	0.000130179	0.000430501	0.000447501	0.00022457	0.00048806	0.000181682	0.000203992				6.35e-05	0.000176853		0.001878876	2.8e-05	0.000324479		0.000229939	0.000105873	4.55e-05	3.55e-05		0.001768213	0.000130259		0.000116585	0.000324926						0.000124065		0.001140775	9.54e-05		0.000750301	0.002364736	0.000107154	0.000199764	0.007734313	0.002816282	0.001003939		0.000473882	0.016728503	0.002384178	0.000567976	0.000644705	0.005015946	0.016353686	0.031584258	0.000372813	0.001811972	0.0001847			0.000380375			0.000133072	0.042802764	0.000610486	0.000130782	0.003718087	0.0006503	0.000220913	0.114953598	8.49e-05	0.000399086	0.011920873	0.000517176	5.06e-05	2.06e-05	0.001226859	0.010345292	1.87e-05	0.000211908	0.01457143	0.00866285	0.13939945	4.34e-05		0.001560362	0.020745328	0.016622327		0.000814005		0.001810563	0.000151522	0.019451127	9.83e-05	0.000220992	0.000142556	0.000224869		0.134247065	0.001827627	2.05e-05	0.035404232	3.92e-05	5.79e-05	0.001010735	0.00014504	5.69e-05	0.001546643	0.023422727	0.009711726	0.001278083	0.000418274	0.00015195	0.001186338	0.084341734	0.001487544	5.92e-05	0.0001018	0.00021832	0.000185215	0.000241938			0.00245523			3.68e-05	0.00014234	0.000209782	0.000483603	0.000279949	0.000329847	6.64e-05	0.000105447	1.99e-05		0.004145523	0.012305446	0.001062495	3.28e-05	0.000162778	0.000232363	0.000108856	0.000139656	0.002143857	0.000180432	0.001516372	0.000646912	0.000985515	9.62e-05	0.117763556	0.194361843	3.06e-05		0.001828176	0.001322414	0.013220805	0.000242017	0.00040366	0.000178095	0.05750202	0.061229091	0.000116258	0.000158064	0.002717514		0.10212357	0.005834209	0.074050744			0.0025083	0.000352662	2.22e-05	0.000776059	3.71e-05	0.006514			0.002224082	0.012694666	1.41e-05	0.000161597	4.91e-05	0.000179065	0.000143148		0.006362021		0.006086782	0.003440122	0.025781352	4.55e-05		0.002627743			0.030893513	0.00025499			0.000185411				0.000169906	0.174951555	0.000280191	0.05438169	0.000590442	6.22e-05	0.000280203			0.028978554	0.01365272		0.000196403	0.006117662	0.000738505		9.66e-05	0.000231877	9.59e-05	0.000162221		0.000596274	0.00010422	0.00039859		0.000203247	0.000129135			0.000694083	3.94e-05	0.000403213	0.000192804		0.001147904		0.000388684	0.000170495	0.000333793	0.000326923	0.000117305	0.000409292	7.31e-05	0.000255587	3.83e-05	5.18e-05	0.018196754	0.000108931	4.47e-05	4.2e-05		0.012323319				4.07e-05	0.000927824	0.000938563	0.000219759	0.006343571	0.000103786	0.001875873	9.39e-05	0.018144435	0.001738137	0.00067729	0.000104233	1.62e-05	0.000186481	0.022655265		8.62e-05	0.021878683	0.000465497	0.001048811		0.026264704	0.000218167	0.000229507		5.09e-05	4.41e-05	0.001482179	4.89e-05	2.44e-05	0.000602582		0.000273451		0.00020265	8.5e-05	0.001646403	0.000110461	0.000141577	0.000961078	0.00021531	7.48e-05	3.3e-05	0.000991434	3.02e-05	0.0003801	0.029746108	0.000347401	0.000315671	0.000238054	0.005352202	0.000478772	0.00921629	0.000183587	6.52e-05	0.024185358	0.000136614	0.001298469	0.003103589	0.001893229		0.005716257	0.088430535	4.75e-05	0.001304156	0.000150824	5.69e-05	8.32e-05		0.000140792		0.000209749	0.001264841	0.041270863	0.000229703	0.000116913	0.000450632	0.000132811		0.000225974		0.00030481			0.000801836	0.006824895	0.011375457	3.14e-05	3.63e-05		0.000455404	0.00094928	0.003082699	0.000954732	0.221412943	0.003265517	0.005653348	3.91e-05		0.000164178	0.043357429	0.002047311	0.000243181	0.006055244		0.002101679		0.00019353	0.000967228	0.000108538	5.35e-05		0.00011037		0.000199936	0.000549169	0.000102127	0.000300492	2.51e-05	9.94e-05		5.34e-05	3.9e-05	8.13e-05	4.65e-05	8.81e-05	6.49e-05	6.34e-05	0.00022158
18-Bleo14D-6			7.85e-05	8.36e-05	0.000158053	0.000739306			0.000128835	0.00011112	0.00433838	3.51e-05		0.003640776	9.23e-05		0.000748746		0.000372985	0.000268483						0.000208011		0.001031956		0.000307967		0.000189732					0.002592689	0.000220285		0.000188766	0.000324164		7.03e-05	5.98e-05	5.53e-05	0.000208091			0.000734399	0.000115721	0.000562421	0.001561339	0.002672081	0.000158563	0.000218465	0.018127782	0.00538386	0.000592743	8.39e-05	0.000528081	0.039608329	0.001960066	0.000548141	0.000702624	0.004967062	0.011704697	0.021230493	0.000385498	0.002399469	0.000144407			0.000334856		0.000252148	0.000464726	0.046689336	0.000239016	0.000225921	0.015146151	0.000528473	0.000160912	0.128127652	9.77e-05	0.000460815	0.028993334	0.000586544	4.34e-05	1.59e-05	0.000363886	0.015750191	2.78e-05	0.000284242	0.015702389	0.012471341	0.239605339	6.9e-05		0.012697223	0.012087999	0.029016168		0.001984174		0.001501376	0.000192447	0.038125836	0.000125729	0.000213101	0.000617785	0.000421806		0.088636126	0.002410421	0.000124045	0.046750418	1.81e-05	4.65e-05	0.000673545	0.000106283	2.7e-05	0.001248065	0.014380283	0.011387172	0.001081471	0.000536339	0.000394503	0.000322258	0.092921769	0.000892642	0.000399825		0.000268253	0.000266067	0.000235239			0.001783099		0.0002448	3.29e-05	8.61e-05	0.0001088	0.000225327	0.000435393	0.000156876	7.71e-05	0.000311934			0.005877291	0.018539111	0.000633463		4.31e-05	0.000128964	0.000139522		0.002097462	0.000312132	0.001697637	0.001817609	0.002903128	6.47e-05	0.176092685	0.305644194	4.75e-05		0.001834614	0.001300428	0.002627888	0.000340592	0.001025477	8.71e-05	0.084507694	0.102934547	0.000182209	0.000200384	0.004473104		0.163830356	0.005560762	0.140829171			0.002706686	0.001996117	2.89e-05	0.001131217	7.13e-05	0.00384998		8.68e-05	0.005690797	0.010962476		0.000537541	6.82e-05	0.000211197	0.000245592		0.00898854		0.006196387	0.001038962	0.020190857	4.52e-05	2.45e-05	0.00132095	0.000343276		0.014706973	0.000146464			0.000555831				0.000250883	0.129975312	0.000550916	0.04246723	0.000441409	3.06e-05	0.000308967			0.028165397	0.012125714			0.003160828	0.000607365			0.000413014	0.000115227	0.000102303		0.000577227	9.08e-05	0.000764249		0.000198987	8.08e-05			0.001049315		0.000638378	0.000223161		0.001761961		0.000390761	0.000208897	0.000452073	0.000486467	0.000161619	0.000484857	3.97e-05	0.001502121	0.000194128	4.49e-05	0.023580252	0.000240645		0.000112616		0.024140684			7.89e-05	9.98e-05	0.000841651	0.001326369	0.000289994	0.004333111	0.000126334	0.002384086	0.00025688	0.038673145	0.002256978	0.000558783	0.000236471	1.03e-05	0.000120854	0.017009438			0.038916446	0.000395574	0.001292836		0.024136428	0.000153062	0.000500616				0.001293526	5.3e-05	4.16e-05			0.000257534				0.000785305	0.000142241	0.000152877	0.001545905	0.000462426	0.000149656		0.000747128	5.35e-05	0.000292696	0.039105212	0.000488308	0.000398123	0.000188236	0.002807912	0.000434013	0.004210924		4.63e-05	0.023702536	4.84e-05	0.001883521	0.002646862	0.0021462	0.000100578	0.005800934	0.152779536	2.19e-05	0.000105523	3.93e-05	2.67e-05	0.00013582		9.14e-05	8.68e-05	0.000209817	0.001616189	0.033055145	0.000431597	0.000252263	0.000892434	0.000122738	6.13e-05	0.000336696		0.000286198	0.000334621		0.001925623	0.004409722	0.009937663	0.00011227	6.45e-05	4.93e-05	0.003632207	0.000915803	0.004100984	0.000673623	0.267531241	0.001655988	0.003509948	3.85e-05		0.002485024	0.036362293	0.000981446	0.000330945	9.31e-05		0.004242122		0.00011492	0.00220952	9.13e-05	3.87e-05	3.66e-05	0.000168176		0.000279066	0.000499351	0.000106059	0.000313805		7.68e-05		7.83e-05		8.95e-05		6.88e-05	7.81e-05	6.87e-05	0.000103607
23-Bleo21D-1	8.93e-05		7.35e-05	5.59e-05	0.000211148	0.000379516		1.99e-05	9.12e-05	6.17e-05	0.006859515			0.010981979	7.02e-05	0.000117363	0.000547124		0.000284068	0.000128475	0.000200482					0.000400342		0.000440501	2.3e-05	0.000197058		0.000241886	0.000107713		3.4e-05		0.002131159	0.000114372		0.000162391	0.000292941		0.000106298			0.00015413	8.75e-05	2.76e-05	0.001084809	5.75e-05	0.000108164	0.000694265	0.001336212		0.000213002	0.007692863	0.001796236	0.000462438		0.000472621	0.01386128	0.001150698	0.000398091	0.000374884	0.007908664	0.008473018	0.011875939	0.000276619	0.001275984	0.000197017			0.000222968	7.88e-05	9.79e-05	0.000356145	0.036017953	0.000180403	0.000153391	0.012513956	0.000808622	0.000243593	0.127351283	4.78e-05	0.000332102	0.02818333	0.000368569	4.51e-05	2.74e-05	0.000920465	0.012461032	1.23e-05	0.000238818	0.007050969	0.020925561	0.198124464	5.25e-05		0.007655373	0.009302504	0.036048511	7.79e-05	0.00208529	7.53e-05	0.002170349	0.000150974	0.038122316	8.43e-05	0.00040937	0.000568604	0.000246089	9.34e-05	0.13820708	0.003562747	0.00270889	0.042909214	4.19e-05	4.95e-05	0.001212152	0.000390503	8.86e-05	0.001848858	0.038404659	0.014224428	0.00136493	0.000463071	0.000332944	0.000614825	0.078510042	0.001406378	0.000294342	3.53e-05	0.000207186	0.000176897	0.000275084			0.001484417	2.04e-05	0.000150829	2.5e-05	0.000516621		0.000454648	0.00019503	0.000179158	9.1e-05	0.000350703	3.2e-05		0.007045055	0.015690075	0.000834417	3.04e-05	0.00014065	0.000393029	0.000146315		0.002254336	0.00020951	0.001200403	0.001111483	0.002621524	5.99e-05	0.172585209	0.236201784	3.84e-05		0.001713128	0.001156748	0.004499793	0.000212935	0.000690948	0.000127071	0.087626484	0.077026431	0.000149295	0.000123976	0.003577699		0.055052046	0.004061323	0.085202176	1.64e-05		0.002732972	0.001309672	1.54e-05	0.000996641	7.52e-05	0.003190325			0.002761146	0.012219797		0.000354936	3.85e-05	0.000200403	0.000225386	9.21e-05	0.005179174		0.014576879	0.000684217	0.013775671	3.11e-05		0.00113176	0.000552182	7.7e-05	0.017374323	0.000133395			0.00022505				0.000135997	0.083741367	0.000231924	0.032210033	0.000474931	4.65e-05	0.00040442			0.021033822	0.009871108		0.000187508	0.003714703	0.000838615			0.000354735	0.00011783	9.54e-05		0.000399126	3.5e-05	0.000614678	3.94e-05	0.000203284	9.14e-05	5.04e-05		0.000626326		0.00054619	0.000144056		0.001516848	4.47e-05	0.000518401	0.000123103	0.000359368	0.000556346	9.17e-05	0.000436803	8.04e-05	0.000962097	7.8e-05	4.34e-05	0.020406287	0.000119275	6.54e-05	2.77e-05		0.018328117	6.16e-05			6.57e-05	0.000810642	0.001299434	0.000126662	0.005547743	0.000129971	0.002349023	0.000151608	0.016305407	0.002114684	0.00042727	9.53e-05			0.019297894	4.03e-05		0.030072024	0.00055843	0.000587038	1.52e-05	0.021372035		0.000606044				0.001617795	3.46e-05	3.15e-05	0.001341426		0.000565328		0.000126702	8.5e-05	0.000548213	0.000108727	0.000117931	0.001257352	0.000214842	0.000174412		0.000364204	2.63e-05	0.000337146	0.049400273	0.000476158	0.000606447	0.000348918	0.008437934	0.000793753	0.00938986	0.000137052	7.17e-05	0.036032966	9.95e-05	0.001620952	0.00365213	0.002776816		0.003933531	0.105680861	0.001797668	0.019675296	0.000783055	0.000898929	8.81e-05		6.26e-05	9.73e-05	0.000166084	0.00142525	0.027385728	0.000223102		0.000630243	0.000124513		0.000348421		0.000253324	0.00034267	0.000394627	0.001440495	0.004981794	0.013902736	5.57e-05	6.01e-05		0.002685965	0.000888162	0.004114246	0.000414439	0.218914163	0.00117939	0.002385155	3.57e-05	0.000107203	0.001427814	0.03159499	0.000754734	0.000254802	0.000205618	4.35e-05	0.004565877		0.000119768	0.003260506	8.29e-05	4.43e-05	2.5e-05	0.00015413		0.000173606	0.00062881	0.00012814	0.000284822		4.93e-05		4.88e-05		7.63e-05		4.82e-05	7.39e-05	6.56e-05	9.89e-05
25-Bleo21D-3	6.57e-05		0.000111946	0.000105465	0.000148594	0.000531333			0.00010028	0.000122434	0.006104005			0.003308026			0.000575319		0.00034122	0.00050753						0.000108868		0.00070404		0.000293223		0.000188937			6.17e-05		0.002591029	0.000241686		0.00011336	0.000256788			6.4e-05		0.000411491	7.77e-05	5.24e-05	0.001186674	0.000127737		0.002026272	0.00342074	0.000275957	0.000344546	0.018355279	0.006523124	0.00095446	0.000126716	0.001073837	0.033199297	0.004234182	0.000764387	0.000928518	0.00466523	0.021950356	0.032382731	0.00064868	0.00247813	0.000408241	4.55e-05				0.000192666	0.000345502	0.057018189	0.000133085	0.00020716	0.01228808	0.000576409	0.000138443	0.158053701		0.000472532	0.029014861	0.000484551	3.24e-05	2.2e-05	0.00020633	0.023493542		0.000447668	0.014576264	0.021483928	0.239379106	4.05e-05		0.008141728	0.010220031	0.031766735		0.002831772		0.003108841	0.000559732	0.096460558	8.45e-05	0.000152502	0.000577064	0.000196136		0.149466227	0.001812959	7e-05	0.032035759		3.21e-05	0.000649842	9e-05		0.000898213	0.011664109	0.029874369	0.000984827	0.000484341	9.84e-05	0.000489822	0.084203134	0.001687445	0.00030304	4.77e-05	0.000348212	0.000254413	0.000626311			0.001342178		0.000229517		2.53e-05	0.00016932	0.000302194	0.000485965	0.000174974		0.000220361			0.005501399	0.015751554	0.000415522		2.99e-05	8.93e-05	8.84e-05	0.000186109	0.001677958	0.000325512	0.001259287	0.001457306	0.002623296	5.68e-05	0.189456786	0.283348233	4.17e-05		0.001282413	0.001063609		0.000260497	0.000936174	0.000109084	0.001184746	0.164384447	0.000157196	0.000182885	0.005278685		0.13915326	0.002834049	0.095639578			0.002599297	0.001449096		0.001055006	5.2e-05	0.003516413		7.72e-05	0.00756881	0.012201922		0.000230492	6.32e-05	0.000220711	0.00030473		0.01018995		0.006904618	0.000385567	0.018332342		3.65e-05	0.000516412	0.000525255		0.010069048	0.000100141			0.000743795				0.000186185	0.071920927	0.000599754	0.038829963	0.000530441	5.1e-05	0.000250479			0.0352901	0.010331299			0.005408779	0.001084112			0.000577937	0.000127412	0.000103189		0.00067651	0.00011065	0.000499395		0.000138757	6.02e-05			0.00088037		0.00056921	0.000180175		0.002177789		0.000360703	0.000204567	0.000675096	0.000712568	0.000145766	0.000755108		0.001514766	0.000176719	5.42e-05	0.021039324	0.000222361		5.7e-05		0.037707789			9.08e-05	0.000119842	0.000632295	0.00124109	0.000229667	0.005935751	0.000148139	0.002184564	0.000130798	0.033617831	0.003067755	0.000326821	0.000300859		0.000110265	0.014842678			0.038784595	0.00080079	0.00135408		0.024687362	0.000161137	0.001111097				0.001016238	4.49e-05	3.18e-05			0.000205597				0.000414744	0.000140097	0.000198558	0.001232235	0.000157668	0.000293889		0.000816737	6.38e-05	0.000268133	0.067722739	0.000464401	0.000468996	0.000534872	0.002753646	0.000413259	0.00549535	0.000110433		0.03304879	8.73e-05	0.001885059	0.003089613	0.003100573		0.003826076	0.13667406		5.95e-05		2.14e-05	0.000140066		8.17e-05	0.000101013	0.00016627	0.001519996	0.048808983	0.000509062	0.000600268	0.001676213	0.000175343		0.000339374		0.000425632	0.000178853		0.007071359	0.003726047	0.01555996	8.53e-05	5.6e-05		0.002949026	0.000764037	0.003461729	0.000394994	0.336854958	0.000589718	0.002773678	4.71e-05		0.001657668	0.039618066	0.000462398	0.000252056	0.000137261	6.54e-05	0.006889888		0.000207369	0.004851875	9.23e-05	0.000140463	6.17e-05	0.000162617			0.000624661	0.000104994	0.00051566	3e-05	0.00018477		8.1e-05	3.82e-05	0.000106054		0.000109118	5.39e-05	8.96e-05	
26-Bleo21D-4	7.66e-05		4.01e-05	7.41e-05	0.000237269	0.000671453			9.24e-05	8.63e-05	0.005815901			0.004235839	8.54e-05	0.000337907	0.000657073	0.000167392	0.000369328	0.000528762						9.32e-05		0.001245792	3.03e-05	0.000326699		0.000294543	0.00015306				0.002462025	0.000287613	3.19e-05	0.000155883	0.000269738			8.81e-05		0.000318945		2.55e-05	0.001248134	0.000131633	0.000118958	0.003178568	0.00490987	0.000396326	0.000295264	0.028769544	0.009582314	0.001459508	0.000277167	0.001473664	0.051330268	0.006065009	0.000927253	0.00119883	0.005997822	0.015914115	0.044544593	0.000614898	0.0030317	0.000339662			0.000252304		0.000213406	0.000209526	0.036793311	0.000210021	0.000197691	0.011258799	0.000567956	0.000236951	0.167521398		0.000436803	0.037548684	0.000552139	4.85e-05		0.00026669	0.018266478	3.31e-05	0.000416045	0.023778273	0.018852277	0.224398337	6.13e-05		0.004720229	0.020044572	0.03339521		0.002582696	0.000105837	0.002781961	0.00036861	0.077710399	0.000112426	0.000149385	0.000513016	0.000303914		0.141202856	0.00199174	8.04e-05	0.039100519	2.11e-05	6.52e-05	0.000618662	8.36e-05		0.000906231	0.011746275	0.024669722	0.001265269	0.000558953	0.000263307	0.000532697	0.084602052	0.00100068	0.000221045		0.000333398	0.000274324	0.000263265			0.001414881		0.00024971	2.81e-05	6.37e-05	0.000156117	0.000392344	0.000275779	0.000162247	6.63e-05	0.000214551			0.005867401	0.015284471	0.001388327		3.22e-05	0.000107622	0.000116127		0.002726961	0.000355547	0.001926935	0.001232516	0.002588969	6.25e-05	0.178917176	0.270466947	5.65e-05		0.001530046	0.00120681	8.25e-05	0.000337724	0.000867277	0.000116304	0.016543613	0.146287123	0.000135416	0.000206907	0.004836554		0.128396434	0.004810631	0.093248191			0.003559143	0.000997736		0.00119226	3.95e-05	0.003013194		8.6e-05	0.004681458	0.012073342	1.4e-05	0.000525852	5.14e-05	0.00018867	0.000283636	9.1e-05	0.009714333		0.007044335	0.00146833	0.022742278	4.27e-05	3.21e-05	0.001260308	0.000465617	4.98e-05	0.013268706	0.000108042			0.000731885	3.39e-05	0.000110389		0.000146183	0.167455569	0.000485455	0.049778865	0.000463301	4.04e-05	0.000385266			0.023149011	0.013803853			0.005601032	0.00074954			0.000343971	0.000105286	0.000130564	6.65e-05	0.000593462	0.000116209	0.000575857		0.000129724	5.4e-05	5.32e-05		0.000952372		0.000578062	0.000215831		0.002133281	0.000124939	0.00034174	0.000178679	0.000552721	0.000578136	0.000139296	0.000553691	6.37e-05	0.001105411	0.000117229	5.01e-05	0.024885262	0.000146765		7.78e-05		0.030346706		6.47e-05	6.25e-05	0.000127171	0.000606426	0.001398058	0.000206519	0.004886607	0.000150671	0.002363364	0.000129962	0.043728215	0.002716088	0.000371349	0.000237582	1.54e-05	0.000122175	0.017013688			0.038857722	0.000540499	0.001031235		0.023103807	0.000181614	0.000902513			7.17e-05	0.001186343	3.01e-05	4.57e-05			0.00046425			8.14e-05	0.00067655	0.000134411	0.000210399	0.001152877	0.000196333	0.000327578	2.58e-05	0.000856437	4.37e-05	0.000433087	0.047440519	0.000585702	0.000605103	0.000634362	0.003264916	0.000480745	0.005482847	7.41e-05		0.03040564		0.001793871	0.002799875	0.002810192	0.00014164	0.005505371	0.129164889		5.32e-05	1.78e-05		0.000110063		0.000112717	0.00012513	0.00016083	0.001259871	0.047560026	0.000372975	0.000365506	0.000985609	0.000164711		0.00029256		0.000296052	0.000399583		0.005097297	0.00411854	0.012700561	0.000152294	4.85e-05		0.002607895	0.000660196	0.005023775	0.000635368	0.288147335	0.002424333	0.002920072	7.17e-05		0.001028421	0.04249571	0.001023184	0.00033301	0.006697361		0.00575061		0.000196976	0.004095453	9.97e-05	7.24e-05	3.67e-05	0.000172956		8.58e-05	0.000526628	9.85e-05	0.000352314	1.74e-05	0.000110971		8.06e-05		7.61e-05		6.41e-05	5.28e-05	5.48e-05	0.00024789
29-Bleo21D-7			9.59e-05	7.59e-05	0.000206033	0.000568915			0.00010339	0.000104567	0.007303999			0.009951373		0.00014414	0.000527091		0.000267134	0.000365448						9.58e-05	5.89e-05	0.000533299		0.000304576		0.00026888	0.000184879				0.002624964	0.000255643		0.00012595	0.000392263		0.000164134	8.01e-05	5.53e-05	0.000311775	7.29e-05	4.14e-05	0.000941888			0.002040142	0.003177217	0.000228234	0.000296885	0.019535836	0.005500648	0.000782383	0.000142401	0.000948008	0.032358731	0.003445717	0.000870687	0.000869	0.004607862	0.021118922	0.025593144	0.000592515	0.002154456	0.000339095	7.27e-05		0.00045943		0.000187856	0.00024292	0.042598378	8.28e-05	0.000210844	0.010895665	0.000636699	0.000291393	0.137712067			0.031970563	0.000397631	3.12e-05		0.000658247	0.013053397		0.000242599	0.01369815	0.025929736	0.216054151	4.44e-05		0.005838931	0.012636209	0.053592411		0.001646122	6.05e-05	0.001868633	0.000240567	0.060619543	0.000111944	0.000139872	0.000616523	7.24e-05	0.000279353	0.135474069	0.00281039	0.016607628	0.055294131	3.08e-05	5.65e-05	0.000832408	9.64e-05	4.61e-05	0.001021008	0.013064555	0.021697782	0.00131181	0.000549206	0.000270432	0.000625232	0.074253295	0.00111944	0.000249481		0.000255643	0.00018112	0.000193416			0.001181346		0.000277998		0.000774555	0.000121688	0.000518058	0.000472902	0.000110966	6.7e-05	0.000316421			0.008405743	0.015850163	0.000909576		5.89e-05	0.000125433	0.00011019		0.002351053	0.000385861	0.001074745	0.001426725	0.002478316	3.88e-05	0.226784416	0.265932524	4.9e-05		0.001326166	0.001019471	7.05e-05	0.000345509	0.001075715	0.000141538	0.035863562	0.122152814	0.000118573	0.000225385	0.004640597		0.160354584	0.002670373	0.078596444	0.000150909		0.002806171	0.001176594		0.000999584	0.000137284	0.002968066		7.1e-05	0.003796721	0.014083345		0.000380738	4.84e-05	0.000214586	0.000309102	9.48e-05	0.007829771	0.00010269	0.024297834	0.002902739	0.013368486			0.000638057		6.56e-05	0.013464286	8.87e-05			0.000492682				0.000153535	0.037511709	0.000648727	0.031610973	0.000415486	4.4e-05	0.000447681			0.022439478	0.007929446			0.003496993	0.000692834			0.000495857	0.000125904	6.25e-05	5.98e-05	0.000768212	4.3e-05	0.000632237		0.000156362	8.24e-05	0.000100931		0.000874382		0.00059111	0.00017802		0.001779537		0.000348769	0.000199617	0.000382235	0.000625796		0.000535663	3.91e-05	0.001021202	0.000165674	6.57e-05	0.023096387	0.000151611		3.87e-05		0.023855511		8.4e-05		8.8e-05	0.000628324	0.001492114	0.000193095	0.005919988	0.00012183	0.002200686	0.000153132	0.034493729	0.003084575	0.000271984	0.000198847		0.000171666	0.015377705		0.000101073	0.035952305	0.000771948	0.000564638		0.021377988		0.000762117			8.63e-05	0.000998622	3.02e-05	3.11e-05			0.000267777		7.16e-05		0.000683453	0.00010635	0.000193951	0.001013483	0.000294561	0.000238322	7.26e-05	0.000477392	6.51e-05	0.000508855	0.060198497	0.000534808	0.000572123	0.000374088	0.003850039	0.00048338	0.005762031	0.000114549	4.79e-05	0.036565569	9.06e-05	0.001740852	0.003031843	0.003745818	7.85e-05	0.00286049	0.128832888	0.000528969	0.00309771	0.000238731	0.000312796	0.000118532		6.99e-05	8.59e-05	0.000194271	0.001341296	0.031600282	0.000246662		0.001347893	0.000126485		0.000318404		0.000210523	0.000515077		0.002780317	0.004114877	0.012983472	8.81e-05	5.73e-05		0.002744286	0.000657069	0.004039024	0.000329951	0.216968307	0.000721864	0.002430478	0.000764897	0.000160821	0.001301528	0.029145105	0.001189472	0.000273391	0.002722805		0.006693652		0.000134242	0.003735209	5.84e-05	4.43e-05		0.000191812		8.71e-05	0.000582921	0.000182938	0.000439757	2.93e-05	8.53e-05		7.43e-05		0.000109164		5.34e-05	6.94e-05		0.000146481
30-Bleo21D-8	0.000135146		5.7e-05	8.47e-05	0.0001142	0.000568089			0.000122696		0.004355678			0.020967271	0.000157818	0.000575417	0.000570675	0.000177052	0.000454485	0.000407408						0.000133843		0.001957578		0.000252667		0.000521933		8.35e-05	5.3e-05		0.002426728	0.000278644		0.000122574	0.000442365			9.24e-05	6.72e-05			3.43e-05	0.001172052	0.000112501		0.001327182	0.00268807	0.000162795	0.000355521	0.017019533	0.005747701	0.000936209	8.23e-05	0.000815025	0.030677675	0.004450952	0.000769536	0.000897564	0.005920534	0.0209002	0.041136261	0.000357985	0.002051822	0.000177122					0.000197575	0.000229614	0.03967498	0.00030905	0.000180706	0.006410477	0.000788301	0.000219098	0.144849515		0.000414932	0.037183979	0.000524763	4.03e-05	1.99e-05	0.001990598	0.016234171		0.000281678	0.018936608	0.010929983	0.159205751	7.31e-05		0.001833221	0.012805936	0.034928444		0.00200415		0.003600383	0.000231192	0.043268711	6.93e-05	0.000157555	0.000437096	0.000240548		0.158012705	0.002238583	0.000172575	0.048407728	7.57e-05	0.000117413	0.002152001	0.000456708	0.0001013	0.001121063	0.014351448	0.012376723	0.001562901	0.000476089	0.000265314	0.001315319	0.099277864	0.001280598	0.000116717	4.49e-05	0.000261411	0.000180585	0.000198789			0.001740676		0.000368594	2.63e-05	8.05e-05	0.000102021	0.000533099	0.00015522	0.000199973					0.005402248	0.015891954	0.001027284	5.96e-05	0.000315823	0.000564722	9.33e-05		0.002694503	0.000368594	0.001750491	0.001179868	0.002128043		0.157974547	0.25938144	4.78e-05		0.001714396	0.001191033	0.000125244	0.000291397	0.000710314	0.000199753	0.028058703	0.122452164	0.000157283	0.000191871	0.004029538		0.164438579	0.005457507	0.089273013			0.003657747	0.000534316		0.001191155	4.27e-05	0.003601741			0.001979973	0.011771983		0.000830228	5.81e-05	0.000178643	0.000246119	9.03e-05	0.009495014		0.003747253	0.002347722	0.026853956			0.001326569			0.016697283	0.000176525			0.000681804				0.000333378	0.168693995	0.000546963	0.052717002	0.000969276	7.76e-05	0.000425421			0.028415139	0.013293354			0.006038178	0.000908506			0.000266104	0.000167303	7.71e-05	8.75e-05	0.000699037	0.00014891	0.000553023		0.000194704	0.000101699			0.000984842		0.000468976	0.000190172		0.001148727		0.000408379	0.000139565	0.000458379	0.00049952	0.000149152	0.000366145	4.65e-05	0.000623632	0.000165195	7.73e-05	0.024920074	0.000145876	7.61e-05	0.000113472		0.025039371				6.72e-05	0.001508323	0.00191695	0.000251702	0.004724934	0.000152812	0.002918516	0.000236223	0.032895029	0.003520081	0.000598076	0.00026505	3.19e-05	0.000111602	0.024140696			0.035532213	0.000725552	0.001309239		0.027451293	0.000134416	0.000687387				0.000874889	5.06e-05	7.26e-05			0.000355384				0.001268342	0.000147706	0.000220512	0.001305841	0.000267357	0.000183861	2.78e-05	0.001853784	4.93e-05	0.000420761	0.037501411	0.000509472	0.000458986	0.000541586	0.002282308	0.000241386	0.01063945	0.000162156	4.39e-05	0.033930658	0.00012821	0.001706331	0.004233371	0.004176554		0.005552883	0.151881393	2.75e-05	0.000128531	3.6e-05	2.4e-05	0.00014122		0.000124273	0.000101172	0.000197575	0.001216276	0.044466541	0.000250731	0.000182162	0.001024896	0.000164201		0.000320149		0.000301824	0.000167084		0.001589339	0.004859887	0.010104609	0.000119055	6.47e-05		0.001870634	0.000753523	0.005414825	0.000646731	0.257604599	0.004167824	0.003484264	0.000336776		0.000463706	0.044844701	0.001721501	0.000326824	0.00345082		0.003704048		0.000196194	0.002198448	0.000105584	5.95e-05	5.92e-05	0.000147696		0.000131555	0.000490661	9.33e-05	0.000421607		6.38e-05		7.57e-05		7.52e-05		9.6e-05	4.13e-05	4.89e-05	0.000217729
33-Bleo28D-1	7.38e-05		6.77e-05	7.74e-05	0.000158568	0.000258509			9.02e-05	5.7e-05	0.0090011	3.86e-05		0.009853489	7.79e-05	0.000181526	0.000541705	0.000172737	0.000344122	0.000194541	0.000242204		5.96e-05			0.000103102		0.000521761		0.00033246		0.000135722	0.000182033		5.1e-05		0.001673222	0.000123663		0.000125016	0.000234091		8.2e-05	6.97e-05	4.82e-05	0.000319343	8.6e-05	3.17e-05	0.001106269	6.64e-05		0.00360496	0.006621584	0.000330944	0.000331008	0.032285525	0.009344325	0.001147013	0.00023459	0.001240963	0.03871025	0.00427811	0.000834447	0.000982711	0.007093194	0.012391025	0.023996287	0.000596598	0.002197734	0.000363716	4.16e-05		0.0002724	6.85e-05	0.000216908	0.000355032	0.028652145	7.72e-05	0.000193472	0.01354737	0.000598665	0.00016639	0.08891209	0.000110342	0.000264137	0.038511795	0.000443718	2.61e-05	1.8e-05	0.000715695	0.014097624		0.000197818	0.019333731	0.010443803	0.156172657	3.5e-05		0.007709627	0.010044961	0.06514213	3.85e-05	0.003031946	0.000151103	0.002389494	0.000588965	0.12616535	9.03e-05	0.000156173	0.000521254	0.000118144		0.098081784	0.001729522	7.98e-05	0.02509442	2.89e-05	5.54e-05	0.000991522	0.000181361	5.12e-05	0.001465901	0.021001609	0.014517266	0.001220316	0.00050993	0.000312178	0.000455832	0.066786075	0.000889859	0.000232063	2.48e-05	0.000151373	0.000414014	0.000317206			0.000709066	2.14e-05	0.000175442	1.47e-05	6.06e-05	0.000130961	0.00027236	0.000508043	0.000154314	7.99e-05	0.000121471	1.32e-05		0.004658652	0.016747235	0.000918911		7.21e-05	0.000211462	0.000126595	7.05e-05	0.001824052	0.000369982	0.001110285	0.001111255	0.002734218	4.48e-05	0.124137167	0.185874582	3.37e-05		0.001080876	0.000732858	0.008981862	0.000262655	0.001206457	8.8e-05	0.07902769	0.074887125	9.61e-05	0.000104643	0.003676117		0.090371325	0.002297812	0.06454597			0.003382237	0.001403871	2.83e-05	0.000887152	4.76e-05	0.001790332		7.12e-05	0.006398209	0.007079194		0.000686414	4.99e-05	0.000150233	0.00022567	6.36e-05	0.008755907		0.008157254	0.000177943	0.011879744		3.96e-05	0.000659512	0.000507204	4.28e-05	0.006713619	0.000110031			0.0009794		0.000130359		0.000156288	0.051728395	0.000352404	0.023727291	0.000347876		0.000347204			0.017999911	0.00780039	3.16e-05	0.000110057	0.003545759	0.000787424			0.000297135	0.000146539	7.04e-05		0.00065443	7.81e-05	0.000593594		0.000110369	6.03e-05			0.000729724		0.000491169	0.000119033	0.000122539	0.001218457	0.00011775	0.000268553	0.000110698	0.00036764	0.000857661	0.000102649	0.000499994	4.22e-05	0.001452886	0.000172737	4.03e-05	0.018892476	0.000148595	5.73e-05	7.52e-05		0.033432466			5.39e-05	0.000117109	0.000648744	0.002569359	0.00023087	0.00291156	0.00016361	0.002015546	0.000135289	0.039304824	0.005147069	0.000300178	0.000116116			0.011721106		9.57e-05	0.035734046	0.000426603	0.00073927	1.57e-05	0.015688856	0.000139312	0.001046218			8.38e-05	0.000782794	2.27e-05	4.16e-05	0.001083749	5.09e-05	0.00027293			6.36e-05	0.000384011	8.21e-05	0.000141471	0.000956463	0.000579847	0.000290137	5.26e-05	0.000878604	3.53e-05	0.000446717	0.02969124	0.000352824	0.00065101	0.000509987	0.003602105	0.000529485	0.002950347			0.025696561	4.33e-05	0.002652765	0.002548006	0.005959784	8.43e-05	0.003119243	0.099582917		4.44e-05			0.000104116		6.87e-05	9.65e-05	0.000119887	0.001766254	0.033835652	0.000234931	0.000815205	0.000639567	0.000113832		0.000232794	8.9e-05	0.000410452	0.000544277	0.000762207	0.006169104	0.002332211	0.007575412	7.45e-05	3.76e-05		0.002457703	0.000515	0.00414654	0.000195823	0.240265461	0.0005461	0.001358652	6.91e-05	1.17e-05	0.001227584	0.02364181	0.000310795	0.000235999	0.000383582	3.83e-05	0.005316287		0.00019701	0.00693587	7.79e-05	5.35e-05	3.13e-05	0.000124731		0.000214059	0.00050669	9.86e-05	0.000384523	1.24e-05	7.66e-05		5.42e-05	3.28e-05	6.61e-05		7.77e-05	6.55e-05	6.57e-05	6.49e-05
34-Bleo28D-2	0.000112572		0.000111801	8.3e-05	0.000198956	0.000459348			7.39e-05	0.000105371	0.007135822			0.017555711		0.000122665	0.000564547	0.000134717	0.000290093	0.000132447	0.000154946					0.000179622	5.24e-05	0.000454507		0.00021305		0.000128261	0.000154085		3.21e-05		0.002090856	0.000102157		0.000138733	0.00026269			8.37e-05		0.000411842	5.54e-05	3.29e-05	0.000728613	8.68e-05		0.002355397	0.003789444	0.00020726	0.00024683	0.021611628	0.005972772	0.000911884	0.000140931	0.000900073	0.028632845	0.003462564	0.000586647	0.000843654	0.005106364	0.01089076	0.02529353	0.000414587	0.00209729	0.000167089			0.000472136	4.75e-05	0.000130732	0.00045149	0.038600254	7.98e-05	0.000203385	0.011243031	0.000894094	0.000269585	0.112533317	5.79e-05	0.000348547	0.030319569	0.000427272	4.69e-05		0.002455621	0.016126195	1.85e-05	0.000232174	0.005720652	0.014497545	0.204572487	3.36e-05		0.005851638	0.01004421	0.047253003	0.000104514	0.002650861	0.000100284	0.001941211	0.000549218	0.113741482	7.48e-05	0.000225962	0.000407737	0.000102867		0.092287829	0.00286233	4.71e-05	0.038893794	6.48e-05	8.38e-05	0.00254247	0.000642754	0.000155263	0.001399102	0.022995517	0.016597545	0.001193799	0.000481623	0.000212907	0.00058975	0.07060111	0.00082747	0.000210181	2.53e-05	8.67e-05	0.000318615	0.000294326			0.001155229	3.14e-05	0.000160111	2.91e-05	2.5e-05	0.000125317	0.000242093	0.000138519	0.000228545	0.000120445	0.00011811			0.006912655	0.015520249	0.001195198	4.66e-05	0.000262648	0.000622024	0.000122522		0.002118739	0.000240166	0.001163384	0.001061716	0.002091336	5.39e-05	0.150415402	0.225549486	6.01e-05		0.00132292	0.001037641	0.009460502	0.000261829	0.000840724	9.62e-05	0.060565672	0.094230897	0.000106872	0.00015595	0.003963825		0.105409776	0.002588884	0.078384312		0.000200712	0.003062042	0.000945456	2.01e-05	0.00098542	7.37e-05	0.003145			0.004984086	0.008263339		0.000656804	4.69e-05	0.000132161	0.000251677	8.44e-05	0.009349987		0.004800368	0.000532287	0.015842942	3.77e-05	4.04e-05	0.000614187		4.36e-05	0.013645214	9.77e-05			0.000672592	4.74e-05			0.000116373	0.06536699	0.000273881	0.034231802	0.00086997	7.62e-05	0.000301415			0.023719871	0.008210973		0.000255535	0.003106351	0.00081754			0.000389803	0.000128117	5.71e-05		0.000696595	6.19e-05	0.000629969	4.33e-05	0.000165706	6.23e-05	4.71e-05		0.000826112		0.000472441	0.00017038	0.000140168	0.001805978	0.000119302	0.000487066	0.000158307	0.000372551	0.000683664	0.000108086	0.000528643	7.62e-05	0.000864683	8.12e-05	5.73e-05	0.022378332	0.000195598	9.62e-05	4.55e-05		0.03199957	3.86e-05			0.000130875	0.001303011	0.000915721	0.000242247	0.003812019	0.000141747	0.002643632	0.00023235	0.029132111	0.001733884	0.000286363	7.6e-05	1.66e-05	0.000101628	0.012634363		8.36e-05	0.03488982	0.000194381	0.000909481		0.01782014	0.000160149	0.000790036			5.82e-05	0.00144634	2.36e-05	2.96e-05	0.00090758		0.000348692		9.8e-05		0.000480905	0.00010159	0.000141591	0.001092863	0.000616941	0.000218744	4.17e-05	0.000721241	3.24e-05	0.000307022	0.036830942	0.000484852	0.000631086	0.000334178	0.006703627	0.000871333	0.002327371			0.020355189		0.002218016	0.00282896	0.001621713	7.2e-05	0.003077967	0.106720955					7.36e-05	2.8e-05	8.6e-05	0.000112192	0.000199956	0.002186012	0.037665984	0.000405055	0.000534501	0.00077272	0.000165737	4.63e-05	0.000278038		0.000402698	0.000251902	0.000602511	0.004024476	0.002564349	0.009423068	6.93e-05	5.57e-05		0.001831946	0.000568278	0.004462149	0.000357191	0.244829681	0.000741874	0.00254999	4.13e-05		0.000878886	0.029066671	0.00061144	0.000308113	0.001767115		0.006899153		0.000183972	0.005952453	7.61e-05	5.53e-05	4.49e-05	0.000123088		0.000181239	0.000462134	0.000117016	0.000331688	1.88e-05	7.52e-05		5.59e-05		6.74e-05		5.63e-05	6.38e-05	6.59e-05	9.44e-05
36-Bleo28D-4	7.71e-05	8.28e-05	0.000125104	8.02e-05	0.00020243	0.000383884			5.64e-05	6.88e-05	0.010309355	7.12e-05	0.00011653	0.014575968	5.97e-05	0.000208548	0.000679706		0.00027852	6.97e-05					0.00012335	0.000136523		0.000839153		0.000181346		9.24e-05	0.000183741		3.01e-05	2.25e-05	0.002104287	0.00010263		0.000121774	0.000521456			5.5e-05		0.00050982	8.74e-05		0.000545711	9.18e-05		0.002592532	0.004077836	0.000265245	0.000234293	0.021900108	0.006784566	0.000819679	0.000174464	0.000919033	0.032839078	0.003255193	0.000652585	0.000930794	0.003550779	0.012287063	0.022070451	0.000327992	0.001889924	0.000129163			0.000445728		7.08e-05	0.000340768	0.01456895	0.000887912	0.000166139	0.004830821	0.001077983	0.000166944	0.106151689		0.000353836	0.035093038	0.000571415	2.32e-05		0.001380392	0.01502733	1.96e-05	0.000184368	0.010568372	0.010712713	0.181962886	2.97e-05		0.000936328	0.010022281	0.061510599	0.000127601	0.00279964		0.001121922	0.000746293	0.140295398	9.5e-05	0.000208206	0.000153289	7.77e-05		0.062360155	0.002756713	8.41e-05	0.058651694	4.02e-05	6.33e-05	0.001747191	0.000509552	8.93e-05	0.003193402	0.044131602	0.015377587	0.001883604	0.000508796	0.000126771	0.00048898	0.068683787	0.000944062		0.000121774	0.000150907	0.000203429	0.000889875			0.001288076	2.52e-05		1.63e-05	5.44e-05	0.000103656	0.000208935	0.000668967	0.000479541	0.000107125	0.000189383	2.91e-05		0.006462271	0.01635126	0.000735563		0.000149422	0.000444441	0.000144735		0.003990983	0.000227367	0.000871488	0.001325116	0.001222889	3.3e-05	0.136931668	0.219996959	3.55e-05		0.001243247	0.00092317	0.00481911	0.000287588	0.000788856	8.92e-05	0.039723596	0.107588258	0.000133677	0.000193524	0.004188016		0.074232128	0.0026598	0.069200849			0.005552099	0.000259359		0.00082287	4.44e-05	0.00248118			0.007366416	0.007900088		0.000264357	5.74e-05	0.000128433	0.000186448	0.000187947	0.008181259		0.006446456	0.003849412	0.017982206	2.75e-05	2.95e-05	0.005195053	0.000328714	2.74e-05	0.019554116	0.00011394		0.00084172	0.001896863	4.38e-05	8.41e-05		0.00018187	0.050045538	0.000107268	0.039712109	0.000677788	5.41e-05	0.000292859	2.08e-05	2.7e-05	0.019230245	0.008003009		0.000447893	0.003602201	0.000592723		0.000211502	0.000360126	0.000139944	8.35e-05		0.000613449	4.83e-05	0.000434375		0.000122323	0.000100938	6.28e-05	0.000111203	0.000927248	4.69e-05	0.000524877	0.000239387	0.000261925	0.001206636	9.06e-05	0.000483018	0.000129182	0.00032462	0.000915678	9.45e-05	0.000504077	7.87e-05	0.000182886		5.43e-05	0.028977921	0.000217828	7.79e-05	2.28e-05		0.036330566				0.000163975	0.001193237	0.001145445	0.000264441	0.002865313	0.000145761	0.002021676	0.000230048	0.030331311	0.002130684	0.000275954		1.95e-05	0.000104197	0.012189568	0.000403581		0.038975221	0.000156777	0.000823287	1.05e-05	0.016681312	0.000123087	0.000923586			0.000102991	0.001352168		3.14e-05	0.001065665	7.78e-05	0.000171817	1.97e-05	0.000238316	0.000118901	0.002235176	9e-05	0.000224654	0.001112698	0.000220742	0.000247793	2.95e-05	0.000624769	5.66e-05	0.00045884	0.035683157	0.0006832	0.000645245	0.000155935	0.008632148	0.000944312	0.001580221			0.014079288		0.002139996	0.002102407	0.001975231		0.00243825	0.115237224		4.78e-05	2.08e-05		8.42e-05		0.000109455	7.85e-05	0.000272931	0.001682781	0.033001379	0.000384633	0.000203595	0.00072624	0.000112951		0.000227151	7.42e-05	0.000462209	0.000222471	0.001348006	0.004678608	0.002338014	0.007899755	8.61e-05	4.78e-05		0.000373984	0.000543012	0.006313069	0.000639085	0.231079572	0.001214677	0.002050767	4.67e-05	2.11e-05	7.78e-05	0.032476493	0.002738628	0.000354252	0.00023697		0.007375452		0.000153889	0.007663864	7.84e-05	4.93e-05	5.89e-05	0.000118029		0.000112535	0.000621356	0.000279423	0.000547942	2.06e-05	5.98e-05		5.22e-05		9.18e-05	5.2e-05	7.08e-05	5.15e-05	7.22e-05	5e-05
37-Bleo28D-5			7.97e-05	8.05e-05	0.000179503	0.000602034		3.79e-05	9.54e-05	7.65e-05	0.007861374	3.9e-05		0.019557054	7.46e-05	0.000203678	0.000606674		0.000339152	0.000442342						0.000176116		0.0006428	4.09e-05	0.000483969	3.38e-05	0.000288232	0.000224855		3.22e-05		0.002182592	0.000259951		0.000173728	0.000235288			8.46e-05	5.61e-05	0.000467928	9.7e-05	4.28e-05	0.001286592	9.95e-05		0.002798791	0.004694029	0.000302767	0.00047202	0.022691172	0.007336303	0.000933733	0.000179753	0.000948905	0.034580208	0.004000806	0.000782494	0.000917068	0.004431693	0.011643874	0.025033356	0.00056681	0.002234775	0.000397075			0.000447234		0.000169157	0.000181909	0.068807407	0.000143883	0.000156323	0.010213169	0.000620532	0.000280322	0.129012535		0.00039927	0.026665296	0.000487177	3.61e-05	3.09e-05	0.001535712	0.017893136	2.2e-05	0.000270137	0.023213205	0.015069369	0.204543052	3.42e-05		0.005701891	0.014745625	0.053782794		0.002876062	7.99e-05	0.004551143	0.000534179	0.119278936	6.97e-05	0.000182656	0.000536289	8.55e-05		0.167811984	0.001913362	0.000128452	0.03670801		9.12e-05	0.001957325	0.000496233	9.75e-05	0.000881203	0.012672875	0.019669961	0.001307089	0.000482411	0.000271882	0.000971206	0.079130287	0.000932326	0.000261293		0.000292274	0.00024816	0.000249765			0.001576468		0.000202121		6.23e-05	7.39e-05	0.000356038	0.00058142	0.000114296	9.38e-05	0.000279166			0.005624996	0.015339218	0.000978995	4.77e-05	0.000174632	0.000464855	9.81e-05		0.002257741	0.000493156	0.00121724	0.000944036	0.002351016		0.169700175	0.246755026			0.001513102	0.001136373	6.62e-05	0.000368115	0.001200734	0.000128409	0.016380031	0.135325787	0.000154238	0.000149586	0.004105956		0.077487166	0.002562635	0.089564333			0.002768182	0.00114561		0.000989353	5.29e-05	0.005467389		5.45e-05	0.006195981	0.010044882		0.00057364	6.19e-05	0.00012023	0.000263961	7.79e-05	0.010068303		0.005965555	0.000316176	0.016603327	3.38e-05	3.63e-05	0.000428066		6.24e-05	0.014981462	9.7e-05			0.000617995				0.000160815	0.043047974	0.000376212	0.03564615	0.000681344	5.9e-05	0.00032868			0.026422748	0.008123913			0.004097133	0.000514929			0.000399103	0.000186238	5.52e-05	3.83e-05	0.000700768	0.000108279	0.000561516	2.97e-05	0.00017051	6.8e-05	5.11e-05		0.000733974	2.93e-05	0.000602781	0.000124962		0.002409565	0.000115899	0.000476028	0.000213591	0.000363979	0.000795493	0.000116701	0.000555915	4.65e-05	0.001245269	0.000155717	7.26e-05	0.023761881	0.000217361	7.02e-05	2.89e-05		0.032557138			4.42e-05	0.000141485	0.001155069	0.000998564	0.000285457	0.004430233	0.000148087	0.002942252	0.000200301	0.036123136	0.002327445	0.000270325	0.000139055			0.013345721		0.000127221	0.040135816	0.000637805	0.000922621	2.53e-05	0.020745296	0.000114056	0.000947646			8.22e-05	0.00090289	2.49e-05	4.61e-05			0.000551493				0.000495647	0.000138043	0.000217361	0.001001384	0.000214313	0.000369754	8.38e-05	0.000996572	3.83e-05	0.000722683	0.040285964	0.000433358	0.000543884	0.000919284	0.003744784	0.000527842	0.006946598	0.000205955		0.042565153	0.000115019	0.002120994	0.003915593	0.002162816		0.003106555	0.121966351		4.67e-05			0.000100749		8.08e-05	0.000101216	0.000206693	0.001017185	0.038034553	0.000364461	0.000524473	0.001236393	0.000139159		0.000323395	3.38e-05	0.000368631	0.000264139		0.007211089	0.002562613	0.008257069	8.45e-05	4.23e-05		0.002071504	0.000684844	0.003835778	0.000389726	0.283968581	0.000500007	0.003474166	2.6e-05		0.001072267	0.032989133	0.000557198	0.00024816	0.000124652	8.48e-05	0.007816171		0.000196226	0.006609216	9.77e-05	7.67e-05	5.43e-05	0.000137635	2.69e-05	7.62e-05	0.000674781	0.000122636	0.000361653	1.56e-05	9.72e-05		4.98e-05	2.95e-05	9.1e-05		7.28e-05	4.06e-05	6.83e-05	0.000107216
39-Bleo28D-7		0.00012659	0.000188807	9.57e-05	0.000244553	0.000330203		3.37e-05	5.56e-05	8.97e-05	0.007844941	6.68e-05	0.000101906	0.001854758	8.52e-05		0.000636		0.000326118	5.21e-05	0.000277412				0.000142118	8.54e-05		0.000562824		0.000367765			0.000176471			0.000153692	0.002186177	0.000105865	3.9e-05	0.000142751	0.000978118		5.92e-05	5.1e-05		0.000385116	0.000477647	3.31e-05	0.000593936	0.000115347		0.00285386	0.005128445	0.000321499	0.000266855	0.02985387	0.009187833	0.001027875	0.000184025	0.001122846	0.050528726	0.004228323	0.000734591	0.00116627	0.003730521	0.01519333	0.014166961	0.00031268	0.001924862	0.000133623			0.000517239		9.22e-05	0.000141292	0.008266647	0.001676471	0.000263308	0.002731059	0.001411765	0.000154498	0.120277134		0.000421585	0.011748941	0.000503901	3.31e-05		0.000275618	0.023662205	7.15e-05	0.000259453	0.010248706	0.015976878	0.181665659	6.02e-05		0.001023529	0.008670353	0.070122396	0.000174636	0.002720712		0.001488271	0.000692083	0.140114024	7.1e-05	0.000118353		0.000123765		0.064846864	0.002699552	0.000126925	0.087322245		3.14e-05	0.00065003	8.21e-05	1.69e-05	0.004540471	0.053064942	0.014461527	0.001548706	0.000508235		0.000455847	0.067553396	0.001024995		0.000110554	0.000408873	0.00030405	0.006028371		0.000287065	0.001652788			2.52e-05	6.94e-05	0.000159354	0.000218798	0.000888808	0.000969647	0.000178699	9.99e-05			0.008468687	0.015826118	0.000621665	1.23e-05	2.59e-05	9.84e-05	0.000124706	9.51e-05	0.008203765	0.000929176	0.000970118	0.001728748	0.000607059	2.77e-05	0.162261712	0.227209326	3.63e-05		0.001141647	0.000729698	0.003563257	0.000561412	0.003317647	0.000163038	0.010604015	0.11227046	0.000154942	0.000299882	0.004422994		0.151274456	0.001610353	0.059589444			0.005567765	0.000228706		0.000916525	2.4e-05	0.003848655			0.00547953	0.009888801	3.07e-05	0.000346458	6.87e-05	0.000146502	0.000242885	0.000192558	0.008048457		0.01093599	0.013409857	0.022667219	3.91e-05	3.62e-05	0.014152	0.000355602		0.032000957	0.000130353		0.001856471	0.001488051		0.000124829		0.000169738	0.054274825	9.86e-05	0.058958942	0.000276322	2.78e-05	0.000186536	2.36e-05	2.54e-05	0.025791177	0.009141177	3.61e-05	0.00027352	0.007371795	0.000866614		0.000171093	0.000288471	0.000185412	8.32e-05		0.000749496		0.000499765		0.000212235	0.000194824			0.001094703	0.000125412	0.000502588	0.000286232	0.000306824	0.001433882	0.000180054	0.000270185	0.000113263	0.000324472	0.000752622	0.000108678	0.000487438	8.8e-05	7.39e-05		3.96e-05	0.030592513	0.000175678			4.67e-05	0.040115579				0.000171822	0.000432081	0.000882782	0.000251846	0.004041213	0.000145412	0.001879395	0.000121701	0.039652801	0.002087119	0.000342353			0.000157959	0.01838385	0.000614588	0.000116706	0.038673688	0.000220975	0.000867969		0.024780561	0.000150479	0.000857862			0.000121412	0.001318312		4.3e-05	0.001060235		0.000124413		0.000453647	0.000165882	0.002829882	7.4e-05	0.000297694	0.0011393	6.8e-05	0.000386158	4.61e-05	0.000721466	5.02e-05	0.001579059	0.045053103	0.000612996	0.000462222	0.000262557	0.005320972	0.000688644	0.001583828			0.016473576		0.002760412	0.002293392	0.002344429		0.002594588	0.121563874		4.44e-05	2.27e-05		0.000172	4.73e-05	0.00024872		0.000386679	0.000907147	0.042775753	0.000534223	0.000867969	0.000704706	0.000127121		0.000271331	6.68e-05	0.000464202	0.000692562	0.001044376	0.004637225	0.002892118	0.009471071	7.62e-05	0.00010722		0.000147765	0.000433647	0.004216706	0.001626947	0.245895558	0.001361647	0.003085197	3.82e-05			0.039801527	0.007239568	0.000377301	8.15e-05	3.44e-05	0.005459763		0.000228454	0.007814741	0.000111388	4.01e-05	4.85e-05	0.000161298		7.84e-05	0.0009705	0.00085286	0.000768564		6.1e-05		4.51e-05		0.00011243	8.05e-05	7.44e-05		8.74e-05	
